Position	Nucleotide	Multiplicity	Frequency
46	T	1	0.00892857142857
65	C	1	0.00892857142857
66	C	1	0.00892857142857
66	T	1	0.00892857142857
67	A	11	0.0982142857143
67	T	11	0.0982142857143
69	A	4	0.0357142857143
70	G	3	0.0267857142857
70	T	4	0.0357142857143
71	G	2	0.0178571428571
72	A	1	0.00892857142857
74	A	2	0.0178571428571
74	C	1	0.00892857142857
76	A	11	0.0982142857143
77	C	4	0.0357142857143
77	G	2	0.0178571428571
77	T	1	0.00892857142857
78	C	6	0.0535714285714
78	G	1	0.00892857142857
79	C	9	0.0803571428571
80	G	1	0.00892857142857
80	T	1	0.00892857142857
81	C	1	0.00892857142857
81	G	1	0.00892857142857
81	T	1	0.00892857142857
82	A	11	0.0982142857143
82	G	4	0.0357142857143
82	T	5	0.0446428571429
83	A	6	0.0535714285714
83	G	3	0.0267857142857
83	T	6	0.0535714285714
84	C	2	0.0178571428571
85	C	2	0.0178571428571
86	C	2	0.0178571428571
86	G	1	0.00892857142857
87	C	1	0.00892857142857
87	G	9	0.0803571428571
87	T	2	0.0178571428571
88	A	7	0.0625
88	C	5	0.0446428571429
88	T	2	0.0178571428571
89	A	2	0.0178571428571
89	G	7	0.0625
89	T	39	0.348214285714
90	G	14	0.125
91	A	31	0.276785714286
91	C	13	0.116071428571
91	T	1	0.00892857142857
92	A	4	0.0357142857143
92	T	27	0.241071428571
93	A	2	0.0178571428571
93	C	15	0.133928571429
94	C	2	0.0178571428571
94	T	7	0.0625
95	C	3	0.0267857142857
95	G	1	0.00892857142857
96	A	2	0.0178571428571
96	C	5	0.0446428571429
96	T	5	0.0446428571429
97	A	3	0.0267857142857
97	G	15	0.133928571429
97	T	10	0.0892857142857
98	A	1	0.00892857142857
99	C	2	0.0178571428571
99	G	1	0.00892857142857
99	T	2	0.0178571428571
101	A	5	0.0446428571429
102	C	1	0.00892857142857
102	G	2	0.0178571428571
102	T	3	0.0267857142857
103	A	23	0.205357142857
103	C	17	0.151785714286
103	T	1	0.00892857142857
104	G	9	0.0803571428571
104	T	17	0.151785714286
105	C	5	0.0446428571429
106	T	2	0.0178571428571
107	A	1	0.00892857142857
108	C	1	0.00892857142857
109	C	1	0.00892857142857
110	G	2	0.0178571428571
110	T	9	0.0803571428571
112	T	1	0.00892857142857
113	T	1	0.00892857142857
114	A	2	0.0178571428571
115	G	1	0.00892857142857
116	A	2	0.0178571428571
117	C	5	0.0446428571429
117	T	1	0.00892857142857
118	T	2	0.0178571428571
119	C	3	0.0267857142857
119	G	2	0.0178571428571
120	A	1	0.00892857142857
122	C	1	0.00892857142857
122	G	1	0.00892857142857
122	T	1	0.00892857142857
123	C	1	0.00892857142857
125	T	1	0.00892857142857
126	C	2	0.0178571428571
127	C	2	0.0178571428571
127	G	4	0.0357142857143
127	T	2	0.0178571428571
130	C	1	0.00892857142857
130	T	1	0.00892857142857
131	A	14	0.125
131	C	1	0.00892857142857
131	T	5	0.0446428571429
132	T	1	0.00892857142857
133	C	1	0.00892857142857
135	C	2	0.0178571428571
136	G	1	0.00892857142857
137	A	14	0.125
138	C	1	0.00892857142857
138	G	1	0.00892857142857
140	C	1	0.00892857142857
141	A	2	0.0178571428571
142	C	1	0.00892857142857
143	A	1	0.00892857142857
144	A	2	0.0178571428571
144	G	4	0.0357142857143
146	C	11	0.0982142857143
146	G	1	0.00892857142857
146	T	1	0.00892857142857
147	A	34	0.303571428571
147	C	1	0.00892857142857
147	T	28	0.25
148	C	1	0.00892857142857
148	G	35	0.3125
148	T	9	0.0803571428571
149	A	5	0.0446428571429
149	C	10	0.0892857142857
149	G	7	0.0625
150	C	2	0.0178571428571
150	G	1	0.00892857142857
150	T	1	0.00892857142857
151	A	1	0.00892857142857
151	C	1	0.00892857142857
151	G	1	0.00892857142857
152	A	1	0.00892857142857
152	C	15	0.133928571429
152	G	3	0.0267857142857
153	A	3	0.0267857142857
153	C	2	0.0178571428571
153	G	9	0.0803571428571
153	T	1	0.00892857142857
154	A	7	0.0625
154	C	8	0.0714285714286
154	G	1	0.00892857142857
154	T	1	0.00892857142857
155	C	1	0.00892857142857
155	G	2	0.0178571428571
156	A	31	0.276785714286
156	C	4	0.0357142857143
156	G	1	0.00892857142857
157	A	11	0.0982142857143
157	C	18	0.160714285714
157	T	4	0.0357142857143
158	A	17	0.151785714286
158	C	6	0.0535714285714
158	G	2	0.0178571428571
158	T	1	0.00892857142857
159	A	1	0.00892857142857
159	C	8	0.0714285714286
159	G	19	0.169642857143
159	T	1	0.00892857142857
160	A	4	0.0357142857143
160	C	21	0.1875
160	T	2	0.0178571428571
161	A	6	0.0535714285714
161	C	4	0.0357142857143
161	G	1	0.00892857142857
162	A	3	0.0267857142857
162	T	1	0.00892857142857
163	A	10	0.0892857142857
163	C	11	0.0982142857143
163	T	4	0.0357142857143
164	A	6	0.0535714285714
164	C	6	0.0535714285714
164	G	2	0.0178571428571
165	A	7	0.0625
165	C	7	0.0625
165	G	2	0.0178571428571
165	T	10	0.0892857142857
166	A	34	0.303571428571
166	C	3	0.0267857142857
166	T	5	0.0446428571429
167	A	8	0.0714285714286
167	C	14	0.125
167	G	5	0.0446428571429
168	C	6	0.0535714285714
168	G	14	0.125
168	T	5	0.0446428571429
169	A	28	0.25
169	C	28	0.25
169	T	4	0.0357142857143
170	A	2	0.0178571428571
170	G	5	0.0446428571429
170	T	20	0.178571428571
171	C	5	0.0446428571429
171	G	3	0.0267857142857
171	T	1	0.00892857142857
172	G	3	0.0267857142857
172	T	7	0.0625
173	C	4	0.0357142857143
173	T	4	0.0357142857143
174	A	6	0.0535714285714
174	C	28	0.25
174	G	4	0.0357142857143
175	C	5	0.0446428571429
175	T	8	0.0714285714286
176	A	1	0.00892857142857
176	G	3	0.0267857142857
176	T	16	0.142857142857
177	A	1	0.00892857142857
177	C	5	0.0446428571429
177	G	3	0.0267857142857
178	C	4	0.0357142857143
179	G	1	0.00892857142857
179	T	9	0.0803571428571
180	A	7	0.0625
180	C	1	0.00892857142857
180	T	5	0.0446428571429
181	A	1	0.00892857142857
181	T	5	0.0446428571429
182	C	1	0.00892857142857
182	G	8	0.0714285714286
182	T	4	0.0357142857143
183	C	1	0.00892857142857
183	T	1	0.00892857142857
184	C	1	0.00892857142857
184	G	2	0.0178571428571
185	A	2	0.0178571428571
185	G	2	0.0178571428571
185	T	1	0.00892857142857
186	C	1	0.00892857142857
188	A	3	0.0267857142857
188	T	1	0.00892857142857
189	T	2	0.0178571428571
190	A	1	0.00892857142857
190	C	1	0.00892857142857
191	A	2	0.0178571428571
191	T	1	0.00892857142857
192	C	1	0.00892857142857
192	G	1	0.00892857142857
193	C	2	0.0178571428571
193	G	3	0.0267857142857
195	T	1	0.00892857142857
196	A	1	0.00892857142857
197	T	1	0.00892857142857
199	A	2	0.0178571428571
200	A	20	0.178571428571
200	C	10	0.0892857142857
200	T	2	0.0178571428571
201	A	1	0.00892857142857
201	C	1	0.00892857142857
204	C	1	0.00892857142857
204	G	1	0.00892857142857
205	A	6	0.0535714285714
205	G	1	0.00892857142857
205	T	1	0.00892857142857
206	T	1	0.00892857142857
207	C	1	0.00892857142857
207	G	3	0.0267857142857
207	T	1	0.00892857142857
208	A	1	0.00892857142857
208	C	1	0.00892857142857
209	A	2	0.0178571428571
209	G	1	0.00892857142857
209	T	5	0.0446428571429
210	C	1	0.00892857142857
210	G	4	0.0357142857143
212	A	1	0.00892857142857
212	T	8	0.0714285714286
213	C	10	0.0892857142857
213	G	2	0.0178571428571
214	A	1	0.00892857142857
215	C	1	0.00892857142857
217	C	1	0.00892857142857
218	C	1	0.00892857142857
218	G	1	0.00892857142857
218	T	1	0.00892857142857
219	C	2	0.0178571428571
219	G	3	0.0267857142857
219	T	3	0.0267857142857
220	C	5	0.0446428571429
220	G	3	0.0267857142857
220	T	4	0.0357142857143
221	A	1	0.00892857142857
221	C	6	0.0535714285714
222	C	10	0.0892857142857
222	G	1	0.00892857142857
224	G	1	0.00892857142857
224	T	1	0.00892857142857
225	C	3	0.0267857142857
225	G	8	0.0714285714286
226	G	13	0.116071428571
227	A	2	0.0178571428571
227	C	3	0.0267857142857
228	C	1	0.00892857142857
228	G	4	0.0357142857143
229	C	1	0.00892857142857
229	G	8	0.0714285714286
230	A	1	0.00892857142857
230	G	5	0.0446428571429
230	T	11	0.0982142857143
231	C	2	0.0178571428571
231	G	4	0.0357142857143
231	T	1	0.00892857142857
232	A	1	0.00892857142857
232	T	7	0.0625
233	A	26	0.232142857143
233	C	9	0.0803571428571
233	T	9	0.0803571428571
234	A	2	0.0178571428571
234	G	14	0.125
234	T	19	0.169642857143
235	C	1	0.00892857142857
236	A	5	0.0446428571429
236	C	4	0.0357142857143
236	T	1	0.00892857142857
237	C	2	0.0178571428571
237	G	2	0.0178571428571
238	C	2	0.0178571428571
238	T	9	0.0803571428571
239	C	2	0.0178571428571
240	T	17	0.151785714286
242	A	7	0.0625
242	C	3	0.0267857142857
242	T	1	0.00892857142857
243	A	4	0.0357142857143
243	G	1	0.00892857142857
244	C	1	0.00892857142857
244	G	3	0.0267857142857
245	G	7	0.0625
246	C	1	0.00892857142857
246	G	3	0.0267857142857
246	T	2	0.0178571428571
247	A	1	0.00892857142857
247	G	1	0.00892857142857
248	A	1	0.00892857142857
248	C	1	0.00892857142857
248	T	1	0.00892857142857
249	C	2	0.0178571428571
249	G	7	0.0625
249	T	3	0.0267857142857
250	C	5	0.0446428571429
250	G	4	0.0357142857143
251	A	2	0.0178571428571
251	G	2	0.0178571428571
251	T	2	0.0178571428571
252	C	2	0.0178571428571
252	G	5	0.0446428571429
253	C	1	0.00892857142857
254	G	1	0.00892857142857
254	T	2	0.0178571428571
255	A	1	0.00892857142857
255	T	1	0.00892857142857
257	A	10	0.0892857142857
257	T	1	0.00892857142857
258	C	1	0.00892857142857
258	G	4	0.0357142857143
259	A	1	0.00892857142857
259	C	1	0.00892857142857
260	G	1	0.00892857142857
262	A	1	0.00892857142857
262	G	14	0.125
262	T	28	0.25
263	T	2	0.0178571428571
265	G	2	0.0178571428571
266	A	25	0.223214285714
266	C	7	0.0625
268	C	1	0.00892857142857
269	T	1	0.00892857142857
270	G	1	0.00892857142857
270	T	1	0.00892857142857
271	T	1	0.00892857142857
272	A	1	0.00892857142857
274	A	1	0.00892857142857
275	T	4	0.0357142857143
276	A	16	0.142857142857
276	C	4	0.0357142857143
276	T	1	0.00892857142857
277	C	2	0.0178571428571
277	G	2	0.0178571428571
278	C	6	0.0535714285714
278	G	8	0.0714285714286
278	T	12	0.107142857143
281	C	12	0.107142857143
282	C	2	0.0178571428571
283	T	17	0.151785714286
284	T	13	0.116071428571
287	C	3	0.0267857142857
288	A	6	0.0535714285714
288	T	2	0.0178571428571
289	G	1	0.00892857142857
289	T	7	0.0625
290	A	1	0.00892857142857
290	C	4	0.0357142857143
290	T	3	0.0267857142857
