Position	Nucleotide	Multiplicity	Frequency
45	G	30	0.32967032967
66	A	2	0.021978021978
66	T	1	0.010989010989
67	A	2	0.021978021978
67	G	2	0.021978021978
67	T	8	0.0879120879121
68	C	2	0.021978021978
68	G	1	0.010989010989
68	T	1	0.010989010989
69	A	4	0.043956043956
70	T	3	0.032967032967
71	A	1	0.010989010989
71	C	6	0.0659340659341
72	G	1	0.010989010989
73	T	2	0.021978021978
74	C	1	0.010989010989
74	G	2	0.021978021978
75	A	3	0.032967032967
75	C	1	0.010989010989
75	T	1	0.010989010989
76	A	2	0.021978021978
76	C	3	0.032967032967
76	T	1	0.010989010989
77	C	5	0.0549450549451
77	G	1	0.010989010989
77	T	1	0.010989010989
78	G	1	0.010989010989
79	C	1	0.010989010989
79	G	1	0.010989010989
81	G	5	0.0549450549451
82	A	3	0.032967032967
82	G	5	0.0549450549451
82	T	10	0.10989010989
83	G	2	0.021978021978
83	T	6	0.0659340659341
84	A	1	0.010989010989
84	C	5	0.0549450549451
86	A	4	0.043956043956
86	G	1	0.010989010989
86	T	5	0.0549450549451
87	C	2	0.021978021978
87	G	1	0.010989010989
87	T	1	0.010989010989
88	A	11	0.120879120879
88	C	5	0.0549450549451
89	A	6	0.0659340659341
89	C	7	0.0769230769231
89	G	8	0.0879120879121
90	C	6	0.0659340659341
90	G	13	0.142857142857
90	T	1	0.010989010989
91	A	30	0.32967032967
91	C	18	0.197802197802
91	T	1	0.010989010989
92	A	5	0.0549450549451
92	T	20	0.21978021978
93	A	1	0.010989010989
93	C	5	0.0549450549451
94	T	4	0.043956043956
95	C	9	0.0989010989011
96	A	6	0.0659340659341
96	C	4	0.043956043956
97	A	2	0.021978021978
97	C	7	0.0769230769231
97	T	3	0.032967032967
98	A	1	0.010989010989
98	G	3	0.032967032967
98	T	4	0.043956043956
99	C	7	0.0769230769231
99	G	4	0.043956043956
99	T	2	0.021978021978
100	C	2	0.021978021978
101	A	7	0.0769230769231
101	C	1	0.010989010989
101	T	1	0.010989010989
102	A	3	0.032967032967
102	G	1	0.010989010989
102	T	4	0.043956043956
103	C	4	0.043956043956
103	G	2	0.021978021978
103	T	3	0.032967032967
104	G	6	0.0659340659341
105	C	6	0.0659340659341
106	A	1	0.010989010989
106	C	1	0.010989010989
106	T	6	0.0659340659341
107	C	1	0.010989010989
108	A	2	0.021978021978
108	T	1	0.010989010989
109	G	1	0.010989010989
111	T	1	0.010989010989
113	G	1	0.010989010989
113	T	1	0.010989010989
115	C	1	0.010989010989
117	A	8	0.0879120879121
117	T	2	0.021978021978
118	T	1	0.010989010989
119	C	6	0.0659340659341
120	A	1	0.010989010989
120	G	3	0.032967032967
121	A	2	0.021978021978
122	C	3	0.032967032967
122	G	1	0.010989010989
122	T	1	0.010989010989
123	A	1	0.010989010989
124	A	2	0.021978021978
124	T	1	0.010989010989
125	T	1	0.010989010989
126	C	2	0.021978021978
126	G	4	0.043956043956
127	C	5	0.0549450549451
127	G	1	0.010989010989
127	T	1	0.010989010989
130	C	1	0.010989010989
130	T	1	0.010989010989
131	A	6	0.0659340659341
131	T	4	0.043956043956
132	G	1	0.010989010989
133	C	7	0.0769230769231
133	G	1	0.010989010989
134	A	1	0.010989010989
134	C	1	0.010989010989
135	A	4	0.043956043956
135	C	2	0.021978021978
137	A	2	0.021978021978
137	T	3	0.032967032967
138	C	1	0.010989010989
138	G	3	0.032967032967
140	A	1	0.010989010989
141	A	2	0.021978021978
141	C	3	0.032967032967
141	T	1	0.010989010989
142	G	1	0.010989010989
143	A	1	0.010989010989
143	T	1	0.010989010989
144	A	2	0.021978021978
144	T	6	0.0659340659341
146	C	4	0.043956043956
146	G	1	0.010989010989
146	T	7	0.0769230769231
147	A	14	0.153846153846
147	C	12	0.131868131868
147	T	6	0.0659340659341
148	A	4	0.043956043956
148	C	9	0.0989010989011
148	G	3	0.032967032967
149	C	10	0.10989010989
149	G	2	0.021978021978
150	C	1	0.010989010989
150	G	6	0.0659340659341
150	T	5	0.0549450549451
151	C	4	0.043956043956
152	C	7	0.0769230769231
152	G	5	0.0549450549451
152	T	19	0.208791208791
153	A	7	0.0769230769231
153	G	5	0.0549450549451
153	T	7	0.0769230769231
154	A	3	0.032967032967
154	C	6	0.0659340659341
154	G	5	0.0549450549451
155	A	6	0.0659340659341
155	C	3	0.032967032967
155	G	9	0.0989010989011
155	T	2	0.021978021978
156	A	11	0.120879120879
156	C	11	0.120879120879
156	G	4	0.043956043956
157	C	10	0.10989010989
157	G	2	0.021978021978
157	T	13	0.142857142857
158	A	1	0.010989010989
158	C	3	0.032967032967
158	G	4	0.043956043956
159	A	8	0.0879120879121
159	C	3	0.032967032967
160	C	2	0.021978021978
160	G	1	0.010989010989
161	A	2	0.021978021978
161	C	2	0.021978021978
161	G	3	0.032967032967
162	A	4	0.043956043956
162	T	1	0.010989010989
163	A	2	0.021978021978
163	C	2	0.021978021978
163	T	5	0.0549450549451
164	C	7	0.0769230769231
164	G	5	0.0549450549451
164	T	1	0.010989010989
165	C	2	0.021978021978
165	G	5	0.0549450549451
165	T	3	0.032967032967
166	A	17	0.186813186813
166	C	15	0.164835164835
166	T	5	0.0549450549451
167	A	9	0.0989010989011
167	C	14	0.153846153846
167	G	7	0.0769230769231
168	C	10	0.10989010989
168	G	20	0.21978021978
168	T	3	0.032967032967
169	C	7	0.0769230769231
169	G	4	0.043956043956
169	T	7	0.0769230769231
170	A	7	0.0769230769231
170	C	10	0.10989010989
170	G	9	0.0989010989011
171	C	10	0.10989010989
171	G	12	0.131868131868
172	C	8	0.0879120879121
172	G	3	0.032967032967
172	T	5	0.0549450549451
173	C	3	0.032967032967
173	G	14	0.153846153846
173	T	2	0.021978021978
174	A	7	0.0769230769231
174	C	12	0.131868131868
174	G	7	0.0769230769231
175	C	5	0.0549450549451
175	G	1	0.010989010989
175	T	13	0.142857142857
176	A	2	0.021978021978
176	G	1	0.010989010989
176	T	20	0.21978021978
177	A	1	0.010989010989
177	G	1	0.010989010989
178	C	1	0.010989010989
178	G	2	0.021978021978
178	T	1	0.010989010989
179	A	1	0.010989010989
179	C	2	0.021978021978
179	G	1	0.010989010989
179	T	4	0.043956043956
180	A	9	0.0989010989011
180	C	2	0.021978021978
180	T	1	0.010989010989
181	A	1	0.010989010989
181	G	6	0.0659340659341
181	T	7	0.0769230769231
182	C	4	0.043956043956
182	G	7	0.0769230769231
182	T	1	0.010989010989
183	A	1	0.010989010989
184	C	3	0.032967032967
184	G	4	0.043956043956
185	G	3	0.032967032967
185	T	6	0.0659340659341
186	C	2	0.021978021978
187	A	1	0.010989010989
187	T	1	0.010989010989
188	A	1	0.010989010989
188	T	3	0.032967032967
189	C	1	0.010989010989
190	C	1	0.010989010989
190	G	1	0.010989010989
191	T	1	0.010989010989
192	C	2	0.021978021978
192	G	3	0.032967032967
193	C	2	0.021978021978
193	G	12	0.131868131868
194	C	2	0.021978021978
194	T	1	0.010989010989
195	A	1	0.010989010989
195	T	2	0.021978021978
196	A	3	0.032967032967
197	G	3	0.032967032967
197	T	5	0.0549450549451
198	A	1	0.010989010989
199	T	1	0.010989010989
200	C	4	0.043956043956
200	G	3	0.032967032967
200	T	2	0.021978021978
201	A	4	0.043956043956
201	C	2	0.021978021978
202	G	1	0.010989010989
204	C	1	0.010989010989
204	G	1	0.010989010989
204	T	3	0.032967032967
205	A	2	0.021978021978
205	G	4	0.043956043956
205	T	2	0.021978021978
206	A	1	0.010989010989
206	T	1	0.010989010989
207	G	6	0.0659340659341
208	A	1	0.010989010989
208	C	1	0.010989010989
209	T	4	0.043956043956
210	C	1	0.010989010989
210	G	1	0.010989010989
212	A	1	0.010989010989
215	C	4	0.043956043956
215	G	5	0.0549450549451
217	G	1	0.010989010989
218	A	1	0.010989010989
218	T	1	0.010989010989
219	C	1	0.010989010989
219	G	3	0.032967032967
220	C	4	0.043956043956
220	G	4	0.043956043956
220	T	4	0.043956043956
221	A	3	0.032967032967
221	C	9	0.0989010989011
221	G	2	0.021978021978
222	A	1	0.010989010989
222	C	2	0.021978021978
222	G	5	0.0549450549451
223	A	1	0.010989010989
223	G	1	0.010989010989
223	T	2	0.021978021978
224	A	3	0.032967032967
224	G	3	0.032967032967
224	T	3	0.032967032967
225	C	4	0.043956043956
226	C	1	0.010989010989
226	G	3	0.032967032967
227	C	2	0.021978021978
228	C	1	0.010989010989
228	G	5	0.0549450549451
229	C	1	0.010989010989
229	G	5	0.0549450549451
230	A	2	0.021978021978
230	G	2	0.021978021978
230	T	1	0.010989010989
231	T	1	0.010989010989
232	A	2	0.021978021978
232	T	5	0.0549450549451
233	A	17	0.186813186813
233	C	14	0.153846153846
233	T	14	0.153846153846
234	A	1	0.010989010989
234	G	7	0.0769230769231
234	T	8	0.0879120879121
235	A	1	0.010989010989
235	G	3	0.032967032967
236	A	6	0.0659340659341
236	C	9	0.0989010989011
236	T	6	0.0659340659341
237	A	2	0.021978021978
237	C	1	0.010989010989
237	G	4	0.043956043956
238	C	8	0.0879120879121
238	T	8	0.0879120879121
239	A	1	0.010989010989
239	C	3	0.032967032967
240	A	1	0.010989010989
240	G	8	0.0879120879121
240	T	6	0.0659340659341
241	A	1	0.010989010989
241	C	1	0.010989010989
241	G	3	0.032967032967
242	A	8	0.0879120879121
242	C	3	0.032967032967
242	T	2	0.021978021978
243	A	2	0.021978021978
243	G	6	0.0659340659341
245	C	3	0.032967032967
245	G	4	0.043956043956
245	T	2	0.021978021978
246	C	4	0.043956043956
246	G	3	0.032967032967
247	G	2	0.021978021978
248	A	2	0.021978021978
248	C	2	0.021978021978
248	T	2	0.021978021978
249	C	2	0.021978021978
249	G	8	0.0879120879121
249	T	4	0.043956043956
250	C	3	0.032967032967
250	G	6	0.0659340659341
251	A	1	0.010989010989
251	G	2	0.021978021978
251	T	6	0.0659340659341
252	C	1	0.010989010989
252	G	1	0.010989010989
253	A	5	0.0549450549451
254	A	1	0.010989010989
254	T	9	0.0989010989011
255	A	1	0.010989010989
255	T	1	0.010989010989
256	A	1	0.010989010989
256	C	1	0.010989010989
257	A	2	0.021978021978
257	C	1	0.010989010989
258	C	1	0.010989010989
258	G	1	0.010989010989
259	A	1	0.010989010989
259	C	5	0.0549450549451
259	T	1	0.010989010989
260	C	1	0.010989010989
260	G	1	0.010989010989
260	T	1	0.010989010989
261	A	8	0.0879120879121
261	C	24	0.263736263736
262	A	8	0.0879120879121
262	G	8	0.0879120879121
262	T	14	0.153846153846
263	A	3	0.032967032967
263	C	8	0.0879120879121
263	G	2	0.021978021978
264	C	1	0.010989010989
265	C	2	0.021978021978
266	A	11	0.120879120879
266	C	12	0.131868131868
266	T	2	0.021978021978
267	C	1	0.010989010989
268	C	1	0.010989010989
269	T	3	0.032967032967
270	T	4	0.043956043956
272	A	1	0.010989010989
272	T	1	0.010989010989
273	A	2	0.021978021978
274	A	1	0.010989010989
274	G	1	0.010989010989
274	T	2	0.021978021978
275	A	1	0.010989010989
275	C	6	0.0659340659341
275	G	3	0.032967032967
276	A	6	0.0659340659341
276	C	3	0.032967032967
276	T	3	0.032967032967
277	C	1	0.010989010989
277	G	4	0.043956043956
278	A	15	0.164835164835
278	C	19	0.208791208791
278	T	13	0.142857142857
279	A	1	0.010989010989
279	C	1	0.010989010989
280	T	6	0.0659340659341
281	A	1	0.010989010989
281	C	4	0.043956043956
281	G	2	0.021978021978
282	C	7	0.0769230769231
283	T	6	0.0659340659341
284	A	1	0.010989010989
284	T	8	0.0879120879121
287	A	1	0.010989010989
287	C	9	0.0989010989011
288	A	5	0.0549450549451
288	C	2	0.021978021978
288	T	2	0.021978021978
289	A	2	0.021978021978
289	G	3	0.032967032967
289	T	10	0.10989010989
290	A	1	0.010989010989
290	T	1	0.010989010989
