Position	Nucleotide	Multiplicity	Frequency
47	C	1	0.1
66	T	4	0.4
67	G	1	0.1
74	C	1	0.1
75	A	1	0.1
77	C	1	0.1
79	C	5	0.5
80	T	1	0.1
88	A	1	0.1
91	A	1	0.1
96	C	1	0.1
100	T	1	0.1
105	C	1	0.1
106	T	1	0.1
128	C	1	0.1
130	G	4	0.4
139	C	1	0.1
140	C	1	0.1
146	G	1	0.1
150	T	1	0.1
153	G	2	0.2
155	G	4	0.4
157	G	1	0.1
157	T	5	0.5
158	G	1	0.1
160	G	2	0.2
161	C	1	0.1
162	C	1	0.1
163	T	1	0.1
167	A	1	0.1
169	A	3	0.3
169	C	1	0.1
170	T	2	0.2
171	C	1	0.1
171	G	1	0.1
172	G	1	0.1
174	C	1	0.1
181	G	4	0.4
187	T	1	0.1
188	T	1	0.1
204	T	1	0.1
209	G	1	0.1
210	G	1	0.1
212	G	1	0.1
212	T	5	0.5
213	C	1	0.1
215	T	1	0.1
217	C	1	0.1
219	C	1	0.1
228	C	1	0.1
230	T	1	0.1
231	G	1	0.1
233	C	1	0.1
236	G	4	0.4
242	C	1	0.1
243	C	1	0.1
243	G	1	0.1
244	G	5	0.5
245	C	1	0.1
245	T	1	0.1
246	T	1	0.1
249	C	1	0.1
250	C	1	0.1
251	G	1	0.1
254	G	1	0.1
255	T	1	0.1
256	G	1	0.1
270	C	1	0.1
276	A	1	0.1
283	C	1	0.1
283	T	1	0.1
287	C	1	0.1
288	A	1	0.1
