Position	Nucleotide	Multiplicity	Frequency
50	T	1	0.04
66	G	2	0.08
67	A	2	0.08
67	G	1	0.04
69	A	1	0.04
71	G	1	0.04
71	T	1	0.04
72	G	1	0.04
74	C	2	0.08
75	A	1	0.04
75	C	1	0.04
76	A	2	0.08
76	C	1	0.04
77	A	1	0.04
77	C	1	0.04
78	A	1	0.04
79	A	3	0.12
79	C	3	0.12
79	T	1	0.04
80	A	1	0.04
80	T	1	0.04
81	C	2	0.08
82	T	1	0.04
84	C	1	0.04
84	T	1	0.04
85	G	1	0.04
86	G	2	0.08
86	T	2	0.08
87	C	1	0.04
87	G	3	0.12
88	A	7	0.28
89	C	1	0.04
90	C	2	0.08
90	G	2	0.08
90	T	1	0.04
91	A	4	0.16
91	C	4	0.16
92	A	1	0.04
92	C	1	0.04
93	A	1	0.04
93	G	1	0.04
94	C	1	0.04
94	T	4	0.16
95	T	1	0.04
96	C	2	0.08
96	G	1	0.04
97	C	2	0.08
97	T	3	0.12
98	T	1	0.04
102	C	1	0.04
103	A	5	0.2
103	C	4	0.16
104	T	5	0.2
105	C	4	0.16
108	T	1	0.04
111	A	1	0.04
113	A	2	0.08
115	G	1	0.04
117	T	4	0.16
122	C	1	0.04
122	T	1	0.04
124	A	2	0.08
125	T	1	0.04
127	C	1	0.04
128	A	1	0.04
129	C	2	0.08
130	A	2	0.08
133	C	1	0.04
134	A	2	0.08
134	C	1	0.04
136	C	1	0.04
137	A	4	0.16
139	T	1	0.04
140	C	1	0.04
142	G	1	0.04
145	C	3	0.12
146	A	7	0.28
146	C	4	0.16
146	T	2	0.08
148	C	1	0.04
149	C	2	0.08
150	C	1	0.04
150	G	3	0.12
150	T	1	0.04
152	A	1	0.04
153	A	1	0.04
153	G	1	0.04
154	C	2	0.08
154	T	1	0.04
156	A	2	0.08
156	C	4	0.16
158	T	1	0.04
159	C	1	0.04
159	G	1	0.04
160	A	2	0.08
160	C	4	0.16
160	T	1	0.04
161	C	1	0.04
162	C	1	0.04
162	T	1	0.04
164	A	4	0.16
165	G	2	0.08
166	A	5	0.2
166	C	6	0.24
166	T	2	0.08
167	G	1	0.04
167	T	2	0.08
168	G	1	0.04
168	T	1	0.04
169	A	1	0.04
169	G	1	0.04
169	T	1	0.04
171	G	2	0.08
172	C	2	0.08
172	G	1	0.04
173	G	2	0.08
173	T	4	0.16
174	A	1	0.04
175	C	2	0.08
176	T	1	0.04
178	G	4	0.16
179	T	2	0.08
183	A	1	0.04
185	A	1	0.04
188	G	1	0.04
189	C	2	0.08
189	G	2	0.08
190	C	1	0.04
191	T	1	0.04
192	C	1	0.04
192	G	1	0.04
197	C	1	0.04
197	T	1	0.04
198	A	1	0.04
199	C	1	0.04
199	G	1	0.04
200	A	1	0.04
201	C	1	0.04
201	G	1	0.04
202	T	1	0.04
203	T	1	0.04
204	G	1	0.04
205	A	1	0.04
206	C	1	0.04
206	G	7	0.28
206	T	2	0.08
209	G	2	0.08
210	A	2	0.08
210	C	2	0.08
210	T	1	0.04
211	C	1	0.04
212	G	6	0.24
216	T	1	0.04
217	A	1	0.04
217	T	2	0.08
219	C	2	0.08
222	G	2	0.08
223	G	3	0.12
223	T	1	0.04
224	T	1	0.04
225	C	1	0.04
226	C	1	0.04
226	G	3	0.12
227	A	1	0.04
227	G	2	0.08
227	T	1	0.04
229	T	2	0.08
231	A	2	0.08
231	G	2	0.08
233	A	1	0.04
233	G	1	0.04
233	T	1	0.04
239	C	1	0.04
239	T	1	0.04
240	G	1	0.04
241	G	4	0.16
242	A	4	0.16
242	C	3	0.12
243	G	2	0.08
243	T	3	0.12
245	A	1	0.04
245	T	1	0.04
247	A	2	0.08
247	C	5	0.2
248	T	2	0.08
249	C	2	0.08
249	G	1	0.04
251	C	1	0.04
253	C	1	0.04
254	A	1	0.04
256	A	2	0.08
257	G	1	0.04
258	C	1	0.04
260	C	1	0.04
261	T	1	0.04
267	C	1	0.04
267	G	1	0.04
271	G	1	0.04
273	A	3	0.12
273	C	3	0.12
274	G	1	0.04
275	A	3	0.12
275	C	4	0.16
275	T	2	0.08
278	C	1	0.04
280	T	1	0.04
281	T	4	0.16
282	C	1	0.04
286	T	3	0.12
287	A	1	0.04
287	T	2	0.08
