Position	Nucleotide	Multiplicity	Frequency
66	A	2	0.2
72	C	1	0.1
78	C	2	0.2
82	G	1	0.1
83	T	1	0.1
84	C	1	0.1
89	C	1	0.1
90	G	2	0.2
91	A	4	0.4
91	C	1	0.1
92	G	1	0.1
94	C	2	0.2
95	A	1	0.1
97	C	1	0.1
98	A	2	0.2
98	G	1	0.1
102	A	1	0.1
106	T	1	0.1
117	A	1	0.1
117	C	2	0.2
118	G	1	0.1
118	T	2	0.2
120	C	1	0.1
120	G	2	0.2
123	C	1	0.1
126	G	1	0.1
128	C	1	0.1
131	C	1	0.1
139	A	1	0.1
140	T	1	0.1
147	T	2	0.2
148	G	1	0.1
148	T	1	0.1
149	A	1	0.1
149	C	1	0.1
150	C	1	0.1
151	G	1	0.1
155	A	1	0.1
156	G	2	0.2
156	T	1	0.1
157	T	4	0.4
159	A	3	0.3
159	T	2	0.2
160	A	2	0.2
160	G	1	0.1
160	T	1	0.1
161	G	1	0.1
162	C	1	0.1
163	A	2	0.2
164	G	1	0.1
167	G	2	0.2
167	T	1	0.1
172	C	2	0.2
177	G	2	0.2
177	T	2	0.2
178	A	1	0.1
178	T	1	0.1
179	G	1	0.1
181	A	3	0.3
181	C	1	0.1
186	T	1	0.1
197	T	1	0.1
206	A	2	0.2
210	T	1	0.1
215	G	2	0.2
215	T	1	0.1
217	C	2	0.2
219	T	1	0.1
227	G	1	0.1
227	T	1	0.1
230	G	1	0.1
230	T	1	0.1
240	G	1	0.1
243	T	1	0.1
246	G	1	0.1
257	C	2	0.2
259	T	1	0.1
272	G	1	0.1
273	A	1	0.1
273	T	1	0.1
275	A	3	0.3
275	C	2	0.2
277	T	1	0.1
278	C	1	0.1
279	C	1	0.1
280	G	1	0.1
281	G	1	0.1
284	G	1	0.1
285	A	2	0.2
286	T	2	0.2
