Position	Nucleotide	Multiplicity	Frequency
59	C	25	1.0
69	A	1	0.04
70	T	1	0.04
71	T	1	0.04
72	A	2	0.08
72	C	2	0.08
74	C	3	0.12
77	C	2	0.08
77	G	2	0.08
78	A	2	0.08
78	G	1	0.04
79	T	2	0.08
80	T	1	0.04
81	C	1	0.04
81	T	1	0.04
82	A	1	0.04
82	T	3	0.12
83	A	2	0.08
84	C	1	0.04
86	A	2	0.08
86	G	1	0.04
88	A	1	0.04
88	G	1	0.04
89	A	2	0.08
89	G	1	0.04
90	G	2	0.08
90	T	1	0.04
91	A	8	0.32
91	C	3	0.12
92	G	2	0.08
92	T	8	0.32
94	C	2	0.08
94	T	2	0.08
95	T	5	0.2
96	C	4	0.16
96	G	1	0.04
97	T	2	0.08
98	A	2	0.08
98	C	5	0.2
99	C	1	0.04
99	G	1	0.04
99	T	4	0.16
101	A	11	0.44
101	C	1	0.04
101	T	1	0.04
102	A	1	0.04
102	T	1	0.04
103	G	1	0.04
108	C	1	0.04
109	C	5	0.2
110	T	2	0.08
117	A	1	0.04
117	T	1	0.04
118	A	1	0.04
122	C	4	0.16
128	G	3	0.12
128	T	1	0.04
131	A	1	0.04
131	C	2	0.08
137	C	1	0.04
139	A	1	0.04
140	C	1	0.04
140	T	1	0.04
141	C	1	0.04
146	C	2	0.08
147	C	1	0.04
147	G	7	0.28
147	T	1	0.04
148	G	2	0.08
149	G	2	0.08
149	T	1	0.04
150	G	1	0.04
152	G	2	0.08
153	C	2	0.08
153	G	4	0.16
155	A	1	0.04
155	T	1	0.04
156	G	1	0.04
158	A	3	0.12
158	G	4	0.16
159	G	2	0.08
160	A	1	0.04
160	C	1	0.04
161	G	2	0.08
162	A	2	0.08
163	A	3	0.12
163	C	3	0.12
165	A	1	0.04
165	T	1	0.04
166	A	3	0.12
166	T	1	0.04
167	A	2	0.08
167	G	1	0.04
168	G	5	0.2
168	T	2	0.08
169	A	4	0.16
169	C	4	0.16
169	T	1	0.04
170	G	2	0.08
170	T	1	0.04
171	C	1	0.04
171	G	1	0.04
173	G	2	0.08
174	C	2	0.08
174	T	2	0.08
175	A	6	0.24
175	C	6	0.24
175	T	4	0.16
176	G	2	0.08
176	T	3	0.12
177	A	2	0.08
177	G	1	0.04
178	C	2	0.08
180	A	1	0.04
180	C	3	0.12
181	A	1	0.04
184	C	1	0.04
184	T	1	0.04
185	T	2	0.08
187	G	3	0.12
188	C	3	0.12
188	T	1	0.04
191	G	1	0.04
192	A	1	0.04
193	G	1	0.04
195	A	1	0.04
196	C	1	0.04
197	T	1	0.04
198	C	1	0.04
201	A	3	0.12
205	A	2	0.08
206	A	2	0.08
206	T	1	0.04
207	G	3	0.12
213	G	1	0.04
214	C	1	0.04
215	C	2	0.08
215	T	2	0.08
218	G	1	0.04
219	C	1	0.04
220	A	1	0.04
220	G	1	0.04
220	T	1	0.04
224	A	1	0.04
224	T	1	0.04
225	G	2	0.08
227	C	1	0.04
227	T	1	0.04
228	G	1	0.04
229	A	2	0.08
229	C	6	0.24
230	G	2	0.08
230	T	5	0.2
232	G	1	0.04
233	C	2	0.08
233	G	2	0.08
233	T	1	0.04
234	A	3	0.12
234	C	2	0.08
236	A	2	0.08
236	G	1	0.04
236	T	4	0.16
238	T	1	0.04
239	G	1	0.04
239	T	1	0.04
242	A	1	0.04
245	A	3	0.12
245	C	1	0.04
246	A	1	0.04
246	G	2	0.08
246	T	6	0.24
249	C	3	0.12
249	G	1	0.04
249	T	1	0.04
250	A	2	0.08
250	C	1	0.04
251	T	7	0.28
252	G	3	0.12
253	A	1	0.04
257	T	1	0.04
258	G	1	0.04
259	A	2	0.08
259	C	4	0.16
260	G	2	0.08
260	T	1	0.04
261	A	1	0.04
261	C	1	0.04
262	A	1	0.04
262	T	1	0.04
263	C	2	0.08
265	C	1	0.04
266	A	4	0.16
266	C	6	0.24
266	T	3	0.12
274	T	1	0.04
276	A	1	0.04
277	G	1	0.04
278	A	4	0.16
278	C	5	0.2
278	T	2	0.08
280	C	1	0.04
280	T	4	0.16
281	C	2	0.08
283	T	3	0.12
284	T	5	0.2
287	C	2	0.08
287	G	1	0.04
288	A	2	0.08
289	T	1	0.04
