Position	Nucleotide	Multiplicity	Frequency
66	A	3	0.142857142857
67	T	1	0.047619047619
68	G	1	0.047619047619
68	T	1	0.047619047619
69	A	1	0.047619047619
70	G	2	0.0952380952381
70	T	1	0.047619047619
71	G	1	0.047619047619
74	G	1	0.047619047619
76	A	1	0.047619047619
77	C	1	0.047619047619
78	A	1	0.047619047619
78	C	2	0.0952380952381
78	G	1	0.047619047619
79	C	1	0.047619047619
80	T	1	0.047619047619
82	A	1	0.047619047619
82	T	3	0.142857142857
83	T	3	0.142857142857
84	G	1	0.047619047619
86	T	1	0.047619047619
88	C	2	0.0952380952381
89	G	2	0.0952380952381
90	C	2	0.0952380952381
90	G	1	0.047619047619
91	A	5	0.238095238095
91	C	5	0.238095238095
92	T	7	0.333333333333
93	C	1	0.047619047619
93	G	3	0.142857142857
94	C	1	0.047619047619
94	T	1	0.047619047619
95	C	1	0.047619047619
96	G	5	0.238095238095
96	T	1	0.047619047619
97	A	2	0.0952380952381
97	C	7	0.333333333333
98	T	4	0.190476190476
99	G	2	0.0952380952381
99	T	1	0.047619047619
101	A	1	0.047619047619
103	G	1	0.047619047619
103	T	1	0.047619047619
104	T	4	0.190476190476
105	C	1	0.047619047619
106	T	1	0.047619047619
108	A	2	0.0952380952381
108	C	1	0.047619047619
118	T	1	0.047619047619
125	A	3	0.142857142857
126	G	1	0.047619047619
131	C	1	0.047619047619
134	T	1	0.047619047619
136	G	1	0.047619047619
137	A	1	0.047619047619
137	T	1	0.047619047619
140	C	1	0.047619047619
141	C	1	0.047619047619
143	A	1	0.047619047619
146	C	2	0.0952380952381
147	C	1	0.047619047619
147	G	3	0.142857142857
148	A	3	0.142857142857
148	G	4	0.190476190476
148	T	1	0.047619047619
149	A	2	0.0952380952381
149	T	2	0.0952380952381
150	G	1	0.047619047619
152	C	2	0.0952380952381
152	G	2	0.0952380952381
155	C	3	0.142857142857
156	G	2	0.0952380952381
157	C	4	0.190476190476
158	C	1	0.047619047619
159	G	3	0.142857142857
160	A	1	0.047619047619
160	C	2	0.0952380952381
161	A	1	0.047619047619
162	G	10	0.47619047619
162	T	1	0.047619047619
163	A	1	0.047619047619
163	C	1	0.047619047619
164	C	3	0.142857142857
165	G	2	0.0952380952381
165	T	4	0.190476190476
166	A	6	0.285714285714
166	C	9	0.428571428571
167	A	1	0.047619047619
167	C	3	0.142857142857
167	G	1	0.047619047619
168	A	3	0.142857142857
168	G	1	0.047619047619
169	C	2	0.0952380952381
169	G	1	0.047619047619
169	T	3	0.142857142857
170	T	2	0.0952380952381
172	A	2	0.0952380952381
172	C	3	0.142857142857
173	T	1	0.047619047619
174	A	1	0.047619047619
174	C	2	0.0952380952381
174	G	4	0.190476190476
175	C	1	0.047619047619
175	T	1	0.047619047619
176	A	2	0.0952380952381
176	G	1	0.047619047619
176	T	3	0.142857142857
179	T	3	0.142857142857
180	T	1	0.047619047619
181	T	1	0.047619047619
185	G	1	0.047619047619
188	C	3	0.142857142857
188	T	1	0.047619047619
189	A	1	0.047619047619
189	C	2	0.0952380952381
190	C	1	0.047619047619
192	C	1	0.047619047619
192	G	1	0.047619047619
193	G	2	0.0952380952381
200	G	3	0.142857142857
201	C	1	0.047619047619
203	T	1	0.047619047619
204	G	1	0.047619047619
204	T	1	0.047619047619
205	A	1	0.047619047619
205	T	1	0.047619047619
206	T	1	0.047619047619
207	G	3	0.142857142857
212	G	1	0.047619047619
213	C	1	0.047619047619
215	C	1	0.047619047619
215	G	1	0.047619047619
218	T	1	0.047619047619
219	G	1	0.047619047619
220	G	2	0.0952380952381
221	G	1	0.047619047619
221	T	1	0.047619047619
222	T	2	0.0952380952381
225	G	1	0.047619047619
226	T	1	0.047619047619
229	G	3	0.142857142857
230	G	1	0.047619047619
230	T	4	0.190476190476
231	A	2	0.0952380952381
232	A	1	0.047619047619
232	T	1	0.047619047619
233	G	2	0.0952380952381
234	A	1	0.047619047619
234	G	3	0.142857142857
234	T	2	0.0952380952381
235	C	1	0.047619047619
236	A	1	0.047619047619
236	C	1	0.047619047619
236	T	2	0.0952380952381
237	G	1	0.047619047619
238	C	1	0.047619047619
238	T	3	0.142857142857
240	T	2	0.0952380952381
245	C	1	0.047619047619
246	C	1	0.047619047619
246	T	1	0.047619047619
249	G	1	0.047619047619
249	T	1	0.047619047619
253	A	1	0.047619047619
254	T	1	0.047619047619
258	C	1	0.047619047619
259	T	1	0.047619047619
262	A	1	0.047619047619
262	T	3	0.142857142857
266	A	1	0.047619047619
266	C	2	0.0952380952381
269	T	1	0.047619047619
271	A	1	0.047619047619
276	C	1	0.047619047619
278	A	4	0.190476190476
278	C	5	0.238095238095
284	T	3	0.142857142857
287	C	1	0.047619047619
288	A	1	0.047619047619
289	T	3	0.142857142857
290	C	1	0.047619047619
290	T	1	0.047619047619
