Position	Nucleotide	Multiplicity	Frequency
45	G	9	0.428571428571
66	A	1	0.047619047619
67	T	1	0.047619047619
71	C	4	0.190476190476
72	C	1	0.047619047619
75	A	1	0.047619047619
76	A	4	0.190476190476
77	G	2	0.0952380952381
78	A	3	0.142857142857
79	G	3	0.142857142857
81	C	1	0.047619047619
81	T	3	0.142857142857
82	G	2	0.0952380952381
82	T	2	0.0952380952381
83	G	1	0.047619047619
83	T	1	0.047619047619
88	A	2	0.0952380952381
89	A	1	0.047619047619
89	C	3	0.142857142857
90	C	3	0.142857142857
90	G	1	0.047619047619
91	A	7	0.333333333333
91	C	5	0.238095238095
91	T	1	0.047619047619
92	A	1	0.047619047619
92	T	8	0.380952380952
93	C	2	0.0952380952381
94	C	1	0.047619047619
94	T	1	0.047619047619
95	C	1	0.047619047619
96	C	3	0.142857142857
97	A	4	0.190476190476
97	C	2	0.0952380952381
97	T	1	0.047619047619
98	T	1	0.047619047619
99	G	1	0.047619047619
100	C	1	0.047619047619
101	C	1	0.047619047619
102	G	1	0.047619047619
104	G	4	0.190476190476
105	C	2	0.0952380952381
108	A	1	0.047619047619
110	T	1	0.047619047619
116	C	1	0.047619047619
117	A	1	0.047619047619
119	C	1	0.047619047619
121	A	1	0.047619047619
122	C	1	0.047619047619
126	C	1	0.047619047619
127	C	1	0.047619047619
127	G	1	0.047619047619
127	T	1	0.047619047619
131	A	4	0.190476190476
131	C	1	0.047619047619
134	G	6	0.285714285714
137	T	1	0.047619047619
138	G	1	0.047619047619
143	A	1	0.047619047619
145	A	1	0.047619047619
146	C	1	0.047619047619
146	G	1	0.047619047619
147	A	1	0.047619047619
147	T	1	0.047619047619
148	A	1	0.047619047619
148	G	1	0.047619047619
149	C	2	0.0952380952381
150	C	1	0.047619047619
150	T	1	0.047619047619
152	C	4	0.190476190476
152	G	1	0.047619047619
152	T	2	0.0952380952381
153	A	1	0.047619047619
153	G	1	0.047619047619
154	C	2	0.0952380952381
155	A	1	0.047619047619
155	C	1	0.047619047619
156	A	2	0.0952380952381
156	C	2	0.0952380952381
156	G	1	0.047619047619
157	C	3	0.142857142857
157	T	4	0.190476190476
161	C	1	0.047619047619
165	C	1	0.047619047619
166	A	2	0.0952380952381
166	C	6	0.285714285714
167	C	1	0.047619047619
168	C	1	0.047619047619
168	G	5	0.238095238095
168	T	3	0.142857142857
169	C	5	0.238095238095
169	G	1	0.047619047619
170	A	6	0.285714285714
170	G	2	0.0952380952381
171	G	5	0.238095238095
172	T	3	0.142857142857
173	C	4	0.190476190476
174	C	2	0.0952380952381
174	G	1	0.047619047619
175	C	1	0.047619047619
175	G	1	0.047619047619
175	T	6	0.285714285714
176	A	2	0.0952380952381
176	G	2	0.0952380952381
176	T	1	0.047619047619
178	C	1	0.047619047619
178	T	1	0.047619047619
179	C	1	0.047619047619
180	A	1	0.047619047619
181	G	2	0.0952380952381
185	A	1	0.047619047619
185	G	7	0.333333333333
185	T	2	0.0952380952381
190	T	1	0.047619047619
195	A	1	0.047619047619
201	G	1	0.047619047619
202	C	1	0.047619047619
205	G	3	0.142857142857
207	C	1	0.047619047619
207	G	1	0.047619047619
209	T	2	0.0952380952381
210	A	1	0.047619047619
215	G	1	0.047619047619
220	C	1	0.047619047619
221	C	3	0.142857142857
222	C	3	0.142857142857
224	T	3	0.142857142857
225	C	4	0.190476190476
226	A	1	0.047619047619
226	C	3	0.142857142857
227	C	1	0.047619047619
227	T	1	0.047619047619
230	T	2	0.0952380952381
231	G	1	0.047619047619
232	T	2	0.0952380952381
233	A	2	0.0952380952381
234	G	3	0.142857142857
234	T	2	0.0952380952381
235	C	1	0.047619047619
236	C	4	0.190476190476
236	T	1	0.047619047619
237	G	2	0.0952380952381
239	G	1	0.047619047619
242	C	3	0.142857142857
243	G	4	0.190476190476
245	C	1	0.047619047619
245	G	2	0.0952380952381
246	T	1	0.047619047619
248	A	1	0.047619047619
249	G	1	0.047619047619
250	G	2	0.0952380952381
254	T	1	0.047619047619
257	C	2	0.0952380952381
260	C	1	0.047619047619
261	A	1	0.047619047619
261	C	1	0.047619047619
262	T	7	0.333333333333
263	T	2	0.0952380952381
266	C	4	0.190476190476
269	A	2	0.0952380952381
272	T	2	0.0952380952381
274	G	4	0.190476190476
275	C	1	0.047619047619
276	A	2	0.0952380952381
276	C	4	0.190476190476
278	A	8	0.380952380952
278	C	3	0.142857142857
278	T	3	0.142857142857
280	T	1	0.047619047619
281	C	1	0.047619047619
283	T	1	0.047619047619
288	A	2	0.0952380952381
288	C	1	0.047619047619
289	T	1	0.047619047619
