Position	Nucleotide	Multiplicity	Frequency
50	T	1	0.0625
53	G	6	0.375
67	A	1	0.0625
67	G	2	0.125
68	G	1	0.0625
70	G	3	0.1875
70	T	1	0.0625
77	G	2	0.125
77	T	1	0.0625
78	A	2	0.125
78	C	1	0.0625
78	G	1	0.0625
81	G	1	0.0625
82	A	2	0.125
82	T	3	0.1875
83	C	1	0.0625
84	C	3	0.1875
84	G	1	0.0625
85	T	1	0.0625
87	C	1	0.0625
88	A	2	0.125
88	C	3	0.1875
89	C	1	0.0625
90	G	2	0.125
90	T	1	0.0625
91	C	1	0.0625
91	G	1	0.0625
92	A	1	0.0625
92	G	2	0.125
92	T	1	0.0625
93	A	1	0.0625
93	T	1	0.0625
94	A	2	0.125
97	A	2	0.125
98	C	1	0.0625
98	T	1	0.0625
99	G	2	0.125
101	A	1	0.0625
103	A	1	0.0625
103	C	1	0.0625
104	T	2	0.125
105	C	1	0.0625
114	A	1	0.0625
115	C	1	0.0625
119	C	1	0.0625
122	G	3	0.1875
127	G	1	0.0625
131	A	2	0.125
131	C	1	0.0625
131	T	1	0.0625
137	A	2	0.125
137	C	1	0.0625
140	C	1	0.0625
143	C	1	0.0625
145	C	1	0.0625
146	T	1	0.0625
148	A	1	0.0625
148	T	2	0.125
149	C	1	0.0625
150	G	1	0.0625
151	C	2	0.125
152	A	1	0.0625
152	C	1	0.0625
153	C	1	0.0625
154	G	4	0.25
157	C	3	0.1875
158	T	5	0.3125
159	G	1	0.0625
160	C	1	0.0625
161	C	1	0.0625
162	C	2	0.125
162	G	4	0.25
163	A	2	0.125
163	G	2	0.125
163	T	2	0.125
164	A	1	0.0625
164	C	2	0.125
165	A	1	0.0625
166	G	4	0.25
167	C	3	0.1875
167	G	1	0.0625
168	C	1	0.0625
169	A	1	0.0625
170	C	1	0.0625
172	A	1	0.0625
172	C	1	0.0625
173	T	1	0.0625
174	G	4	0.25
177	G	2	0.125
177	T	2	0.125
178	T	2	0.125
181	T	1	0.0625
182	G	1	0.0625
182	T	1	0.0625
184	C	1	0.0625
184	T	1	0.0625
187	T	1	0.0625
188	C	1	0.0625
189	A	1	0.0625
191	C	2	0.125
192	G	1	0.0625
192	T	1	0.0625
193	G	1	0.0625
194	C	1	0.0625
195	C	1	0.0625
197	C	1	0.0625
199	G	1	0.0625
200	G	1	0.0625
200	T	1	0.0625
202	A	2	0.125
202	T	1	0.0625
203	A	1	0.0625
209	T	1	0.0625
211	G	2	0.125
211	T	4	0.25
212	A	1	0.0625
213	C	1	0.0625
213	G	1	0.0625
215	T	2	0.125
218	C	1	0.0625
220	T	1	0.0625
221	C	1	0.0625
221	T	1	0.0625
223	A	1	0.0625
224	C	1	0.0625
226	C	1	0.0625
227	A	1	0.0625
227	C	2	0.125
228	C	1	0.0625
229	T	1	0.0625
230	C	1	0.0625
231	C	1	0.0625
231	G	2	0.125
232	T	1	0.0625
233	G	3	0.1875
234	G	1	0.0625
236	T	2	0.125
237	C	1	0.0625
238	T	3	0.1875
239	A	4	0.25
239	C	1	0.0625
240	G	3	0.1875
240	T	4	0.25
242	C	1	0.0625
244	T	3	0.1875
245	C	1	0.0625
246	T	2	0.125
248	T	1	0.0625
249	G	1	0.0625
251	C	1	0.0625
252	G	2	0.125
255	G	1	0.0625
256	C	1	0.0625
256	G	1	0.0625
257	T	1	0.0625
259	A	4	0.25
264	G	2	0.125
268	A	1	0.0625
268	G	1	0.0625
268	T	2	0.125
269	G	1	0.0625
272	A	3	0.1875
276	T	1	0.0625
282	A	1	0.0625
282	C	2	0.125
284	A	2	0.125
284	C	3	0.1875
287	G	1	0.0625
289	T	1	0.0625
290	T	6	0.375
293	C	1	0.0625
294	C	1	0.0625
294	G	1	0.0625
294	T	1	0.0625
295	A	1	0.0625
295	T	2	0.125
296	A	2	0.125
296	G	1	0.0625
