Position	Nucleotide	Multiplicity	Frequency
17	G	1	0.0263157894737
50	A	1	0.0263157894737
67	G	1	0.0263157894737
69	A	2	0.0526315789474
69	C	5	0.131578947368
70	T	1	0.0263157894737
71	C	7	0.184210526316
71	G	2	0.0526315789474
72	A	1	0.0263157894737
74	C	1	0.0263157894737
76	C	1	0.0263157894737
77	G	1	0.0263157894737
77	T	1	0.0263157894737
78	T	1	0.0263157894737
79	A	7	0.184210526316
80	A	1	0.0263157894737
80	T	1	0.0263157894737
81	C	1	0.0263157894737
81	G	1	0.0263157894737
81	T	4	0.105263157895
82	G	3	0.0789473684211
82	T	3	0.0789473684211
83	T	4	0.105263157895
85	C	4	0.105263157895
86	T	2	0.0526315789474
87	C	2	0.0526315789474
87	G	1	0.0263157894737
88	A	4	0.105263157895
88	C	3	0.0789473684211
88	T	2	0.0526315789474
89	A	2	0.0526315789474
89	T	4	0.105263157895
90	C	1	0.0263157894737
90	G	4	0.105263157895
91	A	9	0.236842105263
91	C	5	0.131578947368
91	T	1	0.0263157894737
92	A	1	0.0263157894737
92	G	2	0.0526315789474
92	T	6	0.157894736842
93	A	1	0.0263157894737
93	C	5	0.131578947368
94	C	3	0.0789473684211
94	T	2	0.0526315789474
95	C	3	0.0789473684211
96	A	6	0.157894736842
96	C	4	0.105263157895
96	G	1	0.0263157894737
96	T	2	0.0526315789474
97	A	3	0.0789473684211
97	G	7	0.184210526316
97	T	4	0.105263157895
98	A	5	0.131578947368
98	C	5	0.131578947368
99	C	3	0.0789473684211
99	G	4	0.105263157895
99	T	3	0.0789473684211
100	C	1	0.0263157894737
101	G	1	0.0263157894737
101	T	6	0.157894736842
102	G	1	0.0263157894737
102	T	3	0.0789473684211
103	A	6	0.157894736842
103	C	12	0.315789473684
103	T	2	0.0526315789474
107	A	1	0.0263157894737
108	C	1	0.0263157894737
108	T	2	0.0526315789474
109	C	4	0.105263157895
110	C	1	0.0263157894737
110	T	3	0.0789473684211
111	G	1	0.0263157894737
113	C	1	0.0263157894737
113	G	7	0.184210526316
115	T	1	0.0263157894737
118	A	2	0.0526315789474
121	G	1	0.0263157894737
123	A	1	0.0263157894737
125	C	1	0.0263157894737
128	G	1	0.0263157894737
131	A	6	0.157894736842
131	C	3	0.0789473684211
131	T	1	0.0263157894737
132	A	1	0.0263157894737
133	C	1	0.0263157894737
134	G	1	0.0263157894737
137	A	3	0.0789473684211
137	T	3	0.0789473684211
139	A	2	0.0526315789474
140	T	1	0.0263157894737
141	C	4	0.105263157895
141	G	3	0.0789473684211
143	A	1	0.0263157894737
143	T	1	0.0263157894737
146	C	2	0.0526315789474
146	G	1	0.0263157894737
148	A	1	0.0263157894737
148	T	1	0.0263157894737
149	A	6	0.157894736842
149	C	7	0.184210526316
150	C	3	0.0789473684211
151	C	2	0.0526315789474
152	T	1	0.0263157894737
153	C	2	0.0526315789474
153	G	3	0.0789473684211
154	A	1	0.0263157894737
154	C	4	0.105263157895
155	G	2	0.0526315789474
155	T	1	0.0263157894737
157	A	1	0.0263157894737
158	C	6	0.157894736842
158	G	1	0.0263157894737
159	C	5	0.131578947368
159	G	3	0.0789473684211
160	C	3	0.0789473684211
161	A	3	0.0789473684211
161	G	6	0.157894736842
161	T	3	0.0789473684211
162	A	2	0.0526315789474
162	C	1	0.0263157894737
162	T	5	0.131578947368
163	C	8	0.210526315789
163	G	1	0.0263157894737
165	A	5	0.131578947368
166	A	9	0.236842105263
166	C	1	0.0263157894737
166	T	1	0.0263157894737
167	A	5	0.131578947368
167	C	1	0.0263157894737
167	G	1	0.0263157894737
168	C	1	0.0263157894737
168	G	3	0.0789473684211
168	T	2	0.0526315789474
169	C	3	0.0789473684211
169	G	2	0.0526315789474
169	T	1	0.0263157894737
170	G	6	0.157894736842
171	A	12	0.315789473684
171	C	5	0.131578947368
172	A	2	0.0526315789474
172	G	1	0.0263157894737
172	T	3	0.0789473684211
173	G	2	0.0526315789474
173	T	2	0.0526315789474
174	C	2	0.0526315789474
174	G	4	0.105263157895
175	C	4	0.105263157895
175	G	1	0.0263157894737
175	T	3	0.0789473684211
176	A	3	0.0789473684211
176	G	5	0.131578947368
176	T	3	0.0789473684211
177	C	1	0.0263157894737
177	G	1	0.0263157894737
178	C	1	0.0263157894737
178	T	1	0.0263157894737
179	T	5	0.131578947368
180	T	3	0.0789473684211
181	G	1	0.0263157894737
181	T	1	0.0263157894737
182	C	1	0.0263157894737
182	T	1	0.0263157894737
183	A	1	0.0263157894737
184	G	2	0.0526315789474
184	T	1	0.0263157894737
186	C	3	0.0789473684211
186	T	1	0.0263157894737
187	G	6	0.157894736842
188	A	5	0.131578947368
188	C	3	0.0789473684211
191	T	1	0.0263157894737
193	G	2	0.0526315789474
194	A	1	0.0263157894737
194	C	2	0.0526315789474
195	T	1	0.0263157894737
196	A	2	0.0526315789474
196	C	1	0.0263157894737
197	G	2	0.0526315789474
198	C	2	0.0526315789474
199	A	1	0.0263157894737
202	G	1	0.0263157894737
203	A	1	0.0263157894737
204	T	2	0.0526315789474
206	A	9	0.236842105263
206	C	3	0.0789473684211
206	T	4	0.105263157895
207	C	3	0.0789473684211
207	T	2	0.0526315789474
209	A	1	0.0263157894737
209	C	1	0.0263157894737
209	G	1	0.0263157894737
210	G	1	0.0263157894737
210	T	1	0.0263157894737
211	A	1	0.0263157894737
211	G	1	0.0263157894737
212	T	4	0.105263157895
215	A	1	0.0263157894737
216	C	1	0.0263157894737
219	A	4	0.105263157895
219	C	2	0.0526315789474
220	C	6	0.157894736842
220	G	4	0.105263157895
221	C	1	0.0263157894737
221	G	6	0.157894736842
221	T	2	0.0526315789474
223	A	1	0.0263157894737
224	A	1	0.0263157894737
224	G	1	0.0263157894737
224	T	2	0.0526315789474
226	G	1	0.0263157894737
227	C	1	0.0263157894737
228	C	1	0.0263157894737
228	G	8	0.210526315789
228	T	1	0.0263157894737
229	A	3	0.0789473684211
229	C	11	0.289473684211
230	G	6	0.157894736842
232	T	3	0.0789473684211
233	C	3	0.0789473684211
233	T	2	0.0526315789474
234	T	4	0.105263157895
235	G	1	0.0263157894737
235	T	4	0.105263157895
236	A	1	0.0263157894737
236	G	4	0.105263157895
236	T	3	0.0789473684211
237	C	2	0.0526315789474
238	C	1	0.0263157894737
239	A	1	0.0263157894737
239	T	1	0.0263157894737
240	T	3	0.0789473684211
245	A	5	0.131578947368
245	C	3	0.0789473684211
246	A	1	0.0263157894737
246	G	2	0.0526315789474
246	T	3	0.0789473684211
248	T	1	0.0263157894737
249	C	2	0.0526315789474
249	G	2	0.0526315789474
250	A	6	0.157894736842
250	C	5	0.131578947368
251	T	2	0.0526315789474
252	C	1	0.0263157894737
252	G	3	0.0789473684211
253	A	1	0.0263157894737
253	C	1	0.0263157894737
253	T	1	0.0263157894737
254	A	1	0.0263157894737
254	G	1	0.0263157894737
254	T	2	0.0526315789474
255	A	1	0.0263157894737
257	A	1	0.0263157894737
257	C	5	0.131578947368
257	T	1	0.0263157894737
258	G	2	0.0526315789474
259	A	4	0.105263157895
259	C	5	0.131578947368
259	T	1	0.0263157894737
260	C	3	0.0789473684211
261	C	1	0.0263157894737
261	G	1	0.0263157894737
262	A	1	0.0263157894737
262	T	1	0.0263157894737
263	A	1	0.0263157894737
263	C	1	0.0263157894737
263	G	1	0.0263157894737
264	C	1	0.0263157894737
265	G	1	0.0263157894737
266	A	5	0.131578947368
266	C	7	0.184210526316
266	T	1	0.0263157894737
267	C	1	0.0263157894737
270	G	2	0.0526315789474
270	T	1	0.0263157894737
275	T	1	0.0263157894737
276	A	6	0.157894736842
276	C	1	0.0263157894737
277	C	1	0.0263157894737
278	A	3	0.0789473684211
278	C	10	0.263157894737
278	T	2	0.0526315789474
280	T	1	0.0263157894737
281	C	3	0.0789473684211
283	T	5	0.131578947368
284	T	11	0.289473684211
287	C	1	0.0263157894737
288	A	1	0.0263157894737
288	C	1	0.0263157894737
289	T	1	0.0263157894737
290	C	1	0.0263157894737
290	T	1	0.0263157894737
