Position	Nucleotide	Multiplicity	Frequency
66	A	1	0.0434782608696
66	C	1	0.0434782608696
67	T	3	0.130434782609
68	G	1	0.0434782608696
69	C	1	0.0434782608696
70	G	1	0.0434782608696
72	C	1	0.0434782608696
76	T	1	0.0434782608696
80	T	1	0.0434782608696
82	A	5	0.217391304348
82	G	2	0.0869565217391
82	T	3	0.130434782609
83	G	1	0.0434782608696
83	T	1	0.0434782608696
85	C	1	0.0434782608696
86	C	1	0.0434782608696
87	A	7	0.304347826087
87	C	1	0.0434782608696
88	C	1	0.0434782608696
88	G	4	0.173913043478
89	C	1	0.0434782608696
92	A	1	0.0434782608696
92	C	7	0.304347826087
93	C	2	0.0869565217391
94	C	1	0.0434782608696
94	T	1	0.0434782608696
95	C	1	0.0434782608696
95	G	1	0.0434782608696
97	G	3	0.130434782609
101	A	1	0.0434782608696
102	A	1	0.0434782608696
102	T	2	0.0869565217391
103	C	2	0.0869565217391
104	T	2	0.0869565217391
106	C	1	0.0434782608696
111	A	1	0.0434782608696
113	C	1	0.0434782608696
115	C	1	0.0434782608696
115	T	1	0.0434782608696
116	C	1	0.0434782608696
117	A	1	0.0434782608696
117	C	5	0.217391304348
118	G	6	0.260869565217
118	T	6	0.260869565217
119	A	1	0.0434782608696
119	C	3	0.130434782609
127	G	1	0.0434782608696
132	A	1	0.0434782608696
133	C	1	0.0434782608696
136	G	1	0.0434782608696
137	A	1	0.0434782608696
143	T	1	0.0434782608696
144	G	2	0.0869565217391
147	A	1	0.0434782608696
148	C	1	0.0434782608696
149	A	6	0.260869565217
149	C	1	0.0434782608696
151	A	1	0.0434782608696
152	C	7	0.304347826087
153	C	1	0.0434782608696
153	G	1	0.0434782608696
153	T	2	0.0869565217391
154	A	2	0.0869565217391
154	T	1	0.0434782608696
155	C	1	0.0434782608696
156	C	3	0.130434782609
159	G	1	0.0434782608696
160	G	1	0.0434782608696
161	A	1	0.0434782608696
161	C	2	0.0869565217391
162	G	1	0.0434782608696
162	T	1	0.0434782608696
163	A	1	0.0434782608696
163	T	1	0.0434782608696
164	C	7	0.304347826087
165	A	3	0.130434782609
165	T	2	0.0869565217391
166	A	6	0.260869565217
166	C	2	0.0869565217391
166	T	5	0.217391304348
167	C	2	0.0869565217391
168	G	6	0.260869565217
168	T	2	0.0869565217391
169	A	5	0.217391304348
169	C	2	0.0869565217391
169	T	5	0.217391304348
170	A	1	0.0434782608696
170	G	1	0.0434782608696
170	T	7	0.304347826087
171	C	1	0.0434782608696
171	T	2	0.0869565217391
172	A	2	0.0869565217391
172	C	1	0.0434782608696
172	G	1	0.0434782608696
173	G	2	0.0869565217391
173	T	2	0.0869565217391
174	A	1	0.0434782608696
175	A	3	0.130434782609
175	C	2	0.0869565217391
176	G	2	0.0869565217391
176	T	5	0.217391304348
177	C	1	0.0434782608696
178	C	1	0.0434782608696
180	C	1	0.0434782608696
181	A	1	0.0434782608696
181	G	1	0.0434782608696
182	T	1	0.0434782608696
183	T	1	0.0434782608696
184	C	1	0.0434782608696
184	G	2	0.0869565217391
188	C	1	0.0434782608696
188	G	1	0.0434782608696
192	C	2	0.0869565217391
200	C	2	0.0869565217391
203	A	1	0.0434782608696
203	T	1	0.0434782608696
204	T	1	0.0434782608696
205	T	1	0.0434782608696
208	C	1	0.0434782608696
209	A	1	0.0434782608696
209	T	1	0.0434782608696
211	A	1	0.0434782608696
215	G	1	0.0434782608696
215	T	1	0.0434782608696
219	C	1	0.0434782608696
219	G	1	0.0434782608696
222	T	1	0.0434782608696
223	G	1	0.0434782608696
223	T	1	0.0434782608696
224	T	1	0.0434782608696
225	C	3	0.130434782609
225	G	1	0.0434782608696
227	T	1	0.0434782608696
228	C	2	0.0869565217391
230	G	1	0.0434782608696
230	T	1	0.0434782608696
231	G	1	0.0434782608696
234	A	1	0.0434782608696
236	A	1	0.0434782608696
236	C	1	0.0434782608696
237	C	1	0.0434782608696
237	G	2	0.0869565217391
239	C	5	0.217391304348
240	T	7	0.304347826087
242	A	1	0.0434782608696
242	C	1	0.0434782608696
242	T	1	0.0434782608696
243	G	6	0.260869565217
245	G	3	0.130434782609
246	T	1	0.0434782608696
247	G	1	0.0434782608696
249	G	6	0.260869565217
251	T	1	0.0434782608696
253	A	1	0.0434782608696
254	C	2	0.0869565217391
258	G	1	0.0434782608696
259	C	1	0.0434782608696
260	G	2	0.0869565217391
261	A	4	0.173913043478
261	C	4	0.173913043478
261	T	6	0.260869565217
262	A	1	0.0434782608696
262	T	1	0.0434782608696
263	C	2	0.0869565217391
266	A	1	0.0434782608696
266	T	1	0.0434782608696
267	T	1	0.0434782608696
270	G	1	0.0434782608696
276	C	6	0.260869565217
276	G	2	0.0869565217391
277	C	1	0.0434782608696
277	G	5	0.217391304348
278	A	4	0.173913043478
278	C	10	0.434782608696
283	T	2	0.0869565217391
284	T	6	0.260869565217
288	A	3	0.130434782609
288	C	1	0.0434782608696
289	G	1	0.0434782608696
289	T	9	0.391304347826
290	G	1	0.0434782608696
291	C	1	0.0434782608696
291	G	1	0.0434782608696
291	T	1	0.0434782608696
292	C	1	0.0434782608696
292	G	4	0.173913043478
292	T	1	0.0434782608696
