Position	Nucleotide	Multiplicity	Frequency
66	A	1	0.0147058823529
67	A	4	0.0588235294118
67	G	1	0.0147058823529
67	T	4	0.0588235294118
70	G	12	0.176470588235
70	T	8	0.117647058824
71	G	1	0.0147058823529
75	T	1	0.0147058823529
76	C	1	0.0147058823529
77	C	2	0.0294117647059
77	G	1	0.0147058823529
77	T	1	0.0147058823529
78	C	2	0.0294117647059
80	T	3	0.0441176470588
81	C	4	0.0588235294118
81	G	1	0.0147058823529
82	G	1	0.0147058823529
82	T	12	0.176470588235
83	A	1	0.0147058823529
83	G	4	0.0588235294118
83	T	1	0.0147058823529
84	A	16	0.235294117647
84	C	2	0.0294117647059
85	C	1	0.0147058823529
86	A	1	0.0147058823529
86	C	8	0.117647058824
86	G	3	0.0441176470588
87	C	1	0.0147058823529
87	G	2	0.0294117647059
88	C	2	0.0294117647059
89	A	2	0.0294117647059
89	C	1	0.0147058823529
89	G	1	0.0147058823529
90	G	17	0.25
90	T	8	0.117647058824
91	A	22	0.323529411765
91	C	5	0.0735294117647
91	T	8	0.117647058824
92	A	2	0.0294117647059
92	G	1	0.0147058823529
92	T	23	0.338235294118
93	C	2	0.0294117647059
93	G	13	0.191176470588
94	C	4	0.0588235294118
94	T	3	0.0441176470588
95	C	2	0.0294117647059
95	G	1	0.0147058823529
97	T	1	0.0147058823529
98	C	2	0.0294117647059
99	G	1	0.0147058823529
101	A	1	0.0147058823529
102	C	1	0.0147058823529
102	G	1	0.0147058823529
103	A	7	0.102941176471
103	C	16	0.235294117647
103	T	1	0.0147058823529
104	T	5	0.0735294117647
105	C	6	0.0882352941176
106	C	1	0.0147058823529
107	T	1	0.0147058823529
108	A	2	0.0294117647059
108	C	1	0.0147058823529
109	C	2	0.0294117647059
113	A	2	0.0294117647059
113	G	1	0.0147058823529
114	A	1	0.0147058823529
115	C	1	0.0147058823529
116	A	1	0.0147058823529
117	A	5	0.0735294117647
118	A	1	0.0147058823529
118	G	2	0.0294117647059
118	T	2	0.0294117647059
119	C	1	0.0147058823529
120	G	1	0.0147058823529
124	A	1	0.0147058823529
125	T	2	0.0294117647059
126	C	3	0.0441176470588
127	G	2	0.0294117647059
128	A	1	0.0147058823529
131	A	2	0.0294117647059
131	T	1	0.0147058823529
133	C	10	0.147058823529
135	C	1	0.0147058823529
137	A	1	0.0147058823529
137	T	1	0.0147058823529
138	C	1	0.0147058823529
138	G	2	0.0294117647059
141	A	1	0.0147058823529
144	A	1	0.0147058823529
145	T	1	0.0147058823529
147	C	13	0.191176470588
148	C	2	0.0294117647059
148	G	4	0.0588235294118
149	A	2	0.0294117647059
149	T	4	0.0588235294118
150	C	1	0.0147058823529
150	T	1	0.0147058823529
151	C	1	0.0147058823529
152	C	1	0.0147058823529
152	G	3	0.0441176470588
153	C	2	0.0294117647059
153	G	2	0.0294117647059
154	C	1	0.0147058823529
154	G	5	0.0735294117647
155	A	1	0.0147058823529
155	C	25	0.367647058824
155	T	10	0.147058823529
156	A	13	0.191176470588
156	G	6	0.0882352941176
156	T	1	0.0147058823529
157	C	14	0.205882352941
157	T	1	0.0147058823529
158	C	2	0.0294117647059
158	T	2	0.0294117647059
159	T	1	0.0147058823529
160	T	2	0.0294117647059
161	G	1	0.0147058823529
163	A	2	0.0294117647059
163	C	1	0.0147058823529
163	T	1	0.0147058823529
164	C	1	0.0147058823529
164	T	1	0.0147058823529
165	G	3	0.0441176470588
165	T	2	0.0294117647059
166	A	2	0.0294117647059
166	C	8	0.117647058824
167	G	1	0.0147058823529
168	A	1	0.0147058823529
168	C	2	0.0294117647059
168	T	1	0.0147058823529
169	C	15	0.220588235294
169	G	1	0.0147058823529
169	T	1	0.0147058823529
170	A	4	0.0588235294118
170	C	5	0.0735294117647
171	C	2	0.0294117647059
171	G	13	0.191176470588
172	C	2	0.0294117647059
172	G	5	0.0735294117647
172	T	3	0.0441176470588
173	C	2	0.0294117647059
173	G	2	0.0294117647059
173	T	1	0.0147058823529
174	A	8	0.117647058824
174	C	2	0.0294117647059
174	G	1	0.0147058823529
175	C	1	0.0147058823529
175	G	2	0.0294117647059
175	T	11	0.161764705882
176	A	2	0.0294117647059
176	T	16	0.235294117647
178	C	1	0.0147058823529
178	T	1	0.0147058823529
179	C	2	0.0294117647059
180	A	1	0.0147058823529
180	T	1	0.0147058823529
182	A	2	0.0294117647059
183	T	1	0.0147058823529
184	G	1	0.0147058823529
185	A	1	0.0147058823529
185	G	1	0.0147058823529
185	T	1	0.0147058823529
186	A	1	0.0147058823529
188	A	3	0.0441176470588
189	A	1	0.0147058823529
189	C	3	0.0441176470588
190	C	1	0.0147058823529
190	G	1	0.0147058823529
191	T	2	0.0294117647059
192	G	4	0.0588235294118
193	C	3	0.0441176470588
193	G	8	0.117647058824
195	A	1	0.0147058823529
198	A	2	0.0294117647059
200	C	1	0.0147058823529
200	G	3	0.0441176470588
201	C	1	0.0147058823529
201	G	1	0.0147058823529
205	A	1	0.0147058823529
205	G	5	0.0735294117647
206	A	1	0.0147058823529
206	G	1	0.0147058823529
206	T	1	0.0147058823529
207	C	1	0.0147058823529
207	G	3	0.0441176470588
207	T	1	0.0147058823529
208	C	1	0.0147058823529
209	A	2	0.0294117647059
209	G	2	0.0294117647059
209	T	12	0.176470588235
210	G	2	0.0294117647059
211	T	1	0.0147058823529
212	G	1	0.0147058823529
215	C	1	0.0147058823529
215	G	1	0.0147058823529
216	T	1	0.0147058823529
219	G	1	0.0147058823529
220	G	1	0.0147058823529
221	A	1	0.0147058823529
222	A	3	0.0441176470588
223	G	1	0.0147058823529
223	T	1	0.0147058823529
224	A	1	0.0147058823529
225	C	1	0.0147058823529
225	G	3	0.0441176470588
227	A	1	0.0147058823529
227	C	3	0.0441176470588
228	C	1	0.0147058823529
228	G	1	0.0147058823529
229	G	14	0.205882352941
230	A	1	0.0147058823529
230	G	16	0.235294117647
230	T	11	0.161764705882
231	C	1	0.0147058823529
231	G	1	0.0147058823529
232	T	1	0.0147058823529
233	C	2	0.0294117647059
233	G	2	0.0294117647059
233	T	1	0.0147058823529
234	A	1	0.0147058823529
234	G	6	0.0882352941176
234	T	2	0.0294117647059
236	A	4	0.0588235294118
236	C	1	0.0147058823529
237	A	1	0.0147058823529
238	C	3	0.0441176470588
238	T	14	0.205882352941
239	C	1	0.0147058823529
240	T	3	0.0441176470588
242	A	1	0.0147058823529
242	C	3	0.0441176470588
242	T	3	0.0441176470588
243	G	3	0.0441176470588
245	C	1	0.0147058823529
245	G	1	0.0147058823529
245	T	1	0.0147058823529
246	T	2	0.0294117647059
248	A	1	0.0147058823529
248	C	1	0.0147058823529
250	C	1	0.0147058823529
250	G	3	0.0441176470588
251	A	1	0.0147058823529
251	T	6	0.0882352941176
252	G	1	0.0147058823529
253	A	3	0.0441176470588
253	C	1	0.0147058823529
254	T	1	0.0147058823529
255	T	1	0.0147058823529
257	A	1	0.0147058823529
258	G	1	0.0147058823529
260	C	2	0.0294117647059
260	G	1	0.0147058823529
261	C	1	0.0147058823529
262	T	21	0.308823529412
263	T	1	0.0147058823529
266	A	3	0.0441176470588
266	C	14	0.205882352941
271	A	2	0.0294117647059
272	T	1	0.0147058823529
275	C	2	0.0294117647059
276	A	4	0.0588235294118
276	C	5	0.0735294117647
276	T	1	0.0147058823529
277	A	1	0.0147058823529
278	A	8	0.117647058824
278	C	3	0.0441176470588
278	T	4	0.0588235294118
282	C	1	0.0147058823529
283	T	2	0.0294117647059
284	T	9	0.132352941176
287	C	1	0.0147058823529
287	G	1	0.0147058823529
288	A	3	0.0441176470588
288	C	1	0.0147058823529
289	G	2	0.0294117647059
289	T	21	0.308823529412
290	A	2	0.0294117647059
290	C	2	0.0294117647059
290	T	3	0.0441176470588
