Position	Nucleotide	Multiplicity	Frequency
45	G	5	0.227272727273
65	A	1	0.0454545454545
67	A	1	0.0454545454545
69	A	1	0.0454545454545
70	T	1	0.0454545454545
72	C	1	0.0454545454545
74	C	1	0.0454545454545
77	G	3	0.136363636364
78	A	3	0.136363636364
78	C	1	0.0454545454545
81	C	1	0.0454545454545
81	T	1	0.0454545454545
82	A	1	0.0454545454545
82	T	1	0.0454545454545
83	G	2	0.0909090909091
83	T	1	0.0454545454545
88	A	2	0.0909090909091
88	C	1	0.0454545454545
89	A	1	0.0454545454545
90	C	2	0.0909090909091
90	G	3	0.136363636364
91	A	5	0.227272727273
91	C	4	0.181818181818
91	T	1	0.0454545454545
92	A	2	0.0909090909091
92	G	2	0.0909090909091
92	T	3	0.136363636364
93	C	2	0.0909090909091
93	G	1	0.0454545454545
94	T	1	0.0454545454545
96	A	3	0.136363636364
96	C	1	0.0454545454545
97	A	3	0.136363636364
97	T	3	0.136363636364
98	A	1	0.0454545454545
98	C	2	0.0909090909091
99	C	1	0.0454545454545
99	G	2	0.0909090909091
100	C	1	0.0454545454545
101	A	3	0.136363636364
101	C	1	0.0454545454545
102	A	1	0.0454545454545
102	T	1	0.0454545454545
103	C	2	0.0909090909091
104	T	1	0.0454545454545
105	C	1	0.0454545454545
106	C	1	0.0454545454545
108	C	1	0.0454545454545
116	A	1	0.0454545454545
117	A	1	0.0454545454545
117	C	2	0.0909090909091
118	G	1	0.0454545454545
119	G	1	0.0454545454545
122	C	1	0.0454545454545
122	G	1	0.0454545454545
124	A	1	0.0454545454545
127	C	1	0.0454545454545
130	A	1	0.0454545454545
133	C	1	0.0454545454545
142	G	1	0.0454545454545
143	A	1	0.0454545454545
144	A	2	0.0909090909091
146	T	1	0.0454545454545
147	A	1	0.0454545454545
147	C	3	0.136363636364
148	C	2	0.0909090909091
149	C	3	0.136363636364
149	G	2	0.0909090909091
150	G	1	0.0454545454545
151	A	1	0.0454545454545
151	C	3	0.136363636364
152	C	2	0.0909090909091
152	G	2	0.0909090909091
152	T	2	0.0909090909091
154	T	1	0.0454545454545
155	C	1	0.0454545454545
155	G	2	0.0909090909091
155	T	1	0.0454545454545
156	A	5	0.227272727273
156	G	1	0.0454545454545
157	C	3	0.136363636364
157	G	1	0.0454545454545
158	A	1	0.0454545454545
158	G	2	0.0909090909091
160	G	1	0.0454545454545
162	A	1	0.0454545454545
163	A	1	0.0454545454545
165	C	1	0.0454545454545
165	T	1	0.0454545454545
166	A	1	0.0454545454545
166	C	2	0.0909090909091
168	T	2	0.0909090909091
169	C	1	0.0454545454545
169	G	1	0.0454545454545
169	T	1	0.0454545454545
170	A	2	0.0909090909091
171	C	1	0.0454545454545
171	G	1	0.0454545454545
173	G	1	0.0454545454545
174	A	3	0.136363636364
174	C	2	0.0909090909091
174	G	1	0.0454545454545
175	C	3	0.136363636364
175	G	1	0.0454545454545
175	T	2	0.0909090909091
176	G	1	0.0454545454545
176	T	1	0.0454545454545
177	G	1	0.0454545454545
179	A	1	0.0454545454545
179	T	3	0.136363636364
181	G	1	0.0454545454545
181	T	2	0.0909090909091
184	C	1	0.0454545454545
184	G	1	0.0454545454545
185	G	2	0.0909090909091
188	T	1	0.0454545454545
192	C	1	0.0454545454545
193	G	3	0.136363636364
196	T	1	0.0454545454545
204	G	1	0.0454545454545
205	A	1	0.0454545454545
207	C	2	0.0909090909091
209	G	1	0.0454545454545
209	T	2	0.0909090909091
210	C	1	0.0454545454545
212	A	1	0.0454545454545
213	G	2	0.0909090909091
214	A	2	0.0909090909091
215	G	2	0.0909090909091
219	T	1	0.0454545454545
220	T	2	0.0909090909091
221	A	1	0.0454545454545
223	A	1	0.0454545454545
226	G	1	0.0454545454545
229	C	1	0.0454545454545
229	G	2	0.0909090909091
231	C	1	0.0454545454545
232	T	1	0.0454545454545
233	A	2	0.0909090909091
233	C	4	0.181818181818
233	T	1	0.0454545454545
234	G	4	0.181818181818
234	T	2	0.0909090909091
235	A	1	0.0454545454545
238	C	2	0.0909090909091
238	T	4	0.181818181818
239	A	1	0.0454545454545
240	G	1	0.0454545454545
242	C	1	0.0454545454545
243	G	1	0.0454545454545
246	G	1	0.0454545454545
249	G	2	0.0909090909091
251	G	1	0.0454545454545
251	T	1	0.0454545454545
253	C	1	0.0454545454545
254	T	1	0.0454545454545
257	T	1	0.0454545454545
258	G	1	0.0454545454545
261	A	2	0.0909090909091
261	C	4	0.181818181818
262	G	2	0.0909090909091
262	T	2	0.0909090909091
263	C	1	0.0454545454545
263	G	1	0.0454545454545
264	C	1	0.0454545454545
266	A	2	0.0909090909091
266	C	1	0.0454545454545
269	T	1	0.0454545454545
271	T	1	0.0454545454545
272	T	1	0.0454545454545
274	G	1	0.0454545454545
275	C	1	0.0454545454545
275	G	1	0.0454545454545
276	T	1	0.0454545454545
278	A	2	0.0909090909091
278	C	2	0.0909090909091
278	T	3	0.136363636364
280	T	2	0.0909090909091
283	T	1	0.0454545454545
284	G	1	0.0454545454545
287	C	1	0.0454545454545
288	T	1	0.0454545454545
289	G	2	0.0909090909091
289	T	1	0.0454545454545
290	T	1	0.0454545454545
