Position	Nucleotide	Multiplicity	Frequency
66	G	1	0.0357142857143
66	T	1	0.0357142857143
70	A	1	0.0357142857143
71	G	1	0.0357142857143
71	T	1	0.0357142857143
75	C	2	0.0714285714286
76	C	1	0.0357142857143
78	A	1	0.0357142857143
79	A	5	0.178571428571
79	C	4	0.142857142857
79	T	1	0.0357142857143
81	C	1	0.0357142857143
81	G	1	0.0357142857143
84	T	1	0.0357142857143
86	A	2	0.0714285714286
86	G	1	0.0357142857143
86	T	1	0.0357142857143
87	C	1	0.0357142857143
88	A	2	0.0714285714286
88	C	8	0.285714285714
88	T	1	0.0357142857143
89	A	1	0.0357142857143
89	G	1	0.0357142857143
89	T	2	0.0714285714286
90	C	1	0.0357142857143
90	G	1	0.0357142857143
91	A	3	0.107142857143
91	C	2	0.0714285714286
92	C	8	0.285714285714
92	G	1	0.0357142857143
93	G	1	0.0357142857143
93	T	2	0.0714285714286
94	A	1	0.0357142857143
94	C	3	0.107142857143
94	T	2	0.0714285714286
95	A	2	0.0714285714286
95	C	1	0.0357142857143
96	C	1	0.0357142857143
96	G	4	0.142857142857
96	T	1	0.0357142857143
97	A	6	0.214285714286
97	C	9	0.321428571429
97	T	2	0.0714285714286
98	A	2	0.0714285714286
98	C	2	0.0714285714286
99	C	3	0.107142857143
100	T	2	0.0714285714286
101	T	6	0.214285714286
102	C	4	0.142857142857
103	T	1	0.0357142857143
104	A	1	0.0357142857143
104	T	3	0.107142857143
105	C	1	0.0357142857143
105	G	1	0.0357142857143
107	T	1	0.0357142857143
108	A	1	0.0357142857143
109	C	2	0.0714285714286
109	T	1	0.0357142857143
114	C	1	0.0357142857143
114	G	2	0.0714285714286
114	T	1	0.0357142857143
116	G	2	0.0714285714286
123	A	1	0.0357142857143
123	G	1	0.0357142857143
123	T	5	0.178571428571
126	A	1	0.0357142857143
127	T	1	0.0357142857143
128	C	3	0.107142857143
128	G	3	0.107142857143
130	A	1	0.0357142857143
131	A	1	0.0357142857143
133	C	1	0.0357142857143
133	G	1	0.0357142857143
136	A	1	0.0357142857143
137	A	6	0.214285714286
137	C	2	0.0714285714286
140	T	2	0.0714285714286
141	C	1	0.0357142857143
145	C	1	0.0357142857143
147	C	3	0.107142857143
147	G	2	0.0714285714286
147	T	3	0.107142857143
149	C	1	0.0357142857143
151	C	1	0.0357142857143
152	A	1	0.0357142857143
153	G	2	0.0714285714286
154	A	5	0.178571428571
154	C	3	0.107142857143
155	G	1	0.0357142857143
156	C	1	0.0357142857143
156	G	10	0.357142857143
156	T	3	0.107142857143
158	G	1	0.0357142857143
158	T	2	0.0714285714286
159	C	7	0.25
160	C	2	0.0714285714286
160	G	1	0.0357142857143
160	T	4	0.142857142857
161	C	2	0.0714285714286
161	G	1	0.0357142857143
162	C	4	0.142857142857
163	C	5	0.178571428571
163	T	1	0.0357142857143
164	C	4	0.142857142857
164	G	1	0.0357142857143
165	C	1	0.0357142857143
165	G	2	0.0714285714286
166	A	3	0.107142857143
166	C	5	0.178571428571
166	T	1	0.0357142857143
167	G	1	0.0357142857143
169	A	1	0.0357142857143
169	T	1	0.0357142857143
170	A	3	0.107142857143
170	C	1	0.0357142857143
171	G	2	0.0714285714286
172	A	9	0.321428571429
172	C	4	0.142857142857
174	T	3	0.107142857143
175	A	1	0.0357142857143
175	T	1	0.0357142857143
176	A	1	0.0357142857143
176	G	1	0.0357142857143
176	T	1	0.0357142857143
177	A	1	0.0357142857143
177	C	1	0.0357142857143
177	G	3	0.107142857143
178	C	1	0.0357142857143
178	T	4	0.142857142857
179	T	2	0.0714285714286
180	A	2	0.0714285714286
180	C	1	0.0357142857143
180	G	3	0.107142857143
181	C	1	0.0357142857143
181	T	1	0.0357142857143
182	G	1	0.0357142857143
183	C	1	0.0357142857143
184	C	1	0.0357142857143
184	G	5	0.178571428571
185	G	3	0.107142857143
185	T	6	0.214285714286
188	A	2	0.0714285714286
188	C	1	0.0357142857143
192	G	1	0.0357142857143
195	C	2	0.0714285714286
195	G	2	0.0714285714286
196	C	1	0.0357142857143
196	G	2	0.0714285714286
197	A	1	0.0357142857143
197	T	1	0.0357142857143
198	G	2	0.0714285714286
200	C	1	0.0357142857143
200	G	1	0.0357142857143
202	A	2	0.0714285714286
203	C	3	0.107142857143
204	A	1	0.0357142857143
204	C	2	0.0714285714286
207	C	1	0.0357142857143
208	G	2	0.0714285714286
208	T	1	0.0357142857143
209	T	3	0.107142857143
210	C	2	0.0714285714286
210	G	1	0.0357142857143
211	G	1	0.0357142857143
212	G	10	0.357142857143
213	A	1	0.0357142857143
214	T	1	0.0357142857143
215	T	1	0.0357142857143
216	A	3	0.107142857143
216	C	2	0.0714285714286
216	T	1	0.0357142857143
218	C	2	0.0714285714286
218	G	8	0.285714285714
218	T	2	0.0714285714286
220	C	1	0.0357142857143
221	G	1	0.0357142857143
222	C	2	0.0714285714286
223	G	1	0.0357142857143
223	T	1	0.0357142857143
227	A	1	0.0357142857143
227	G	1	0.0357142857143
227	T	1	0.0357142857143
228	G	1	0.0357142857143
229	G	2	0.0714285714286
229	T	3	0.107142857143
231	G	1	0.0357142857143
232	C	1	0.0357142857143
232	G	1	0.0357142857143
233	G	2	0.0714285714286
233	T	3	0.107142857143
236	A	1	0.0357142857143
236	C	2	0.0714285714286
237	G	1	0.0357142857143
238	G	1	0.0357142857143
239	A	1	0.0357142857143
239	G	1	0.0357142857143
241	A	1	0.0357142857143
243	T	1	0.0357142857143
246	C	2	0.0714285714286
247	C	1	0.0357142857143
247	G	11	0.392857142857
248	A	1	0.0357142857143
248	C	2	0.0714285714286
248	T	4	0.142857142857
249	A	1	0.0357142857143
249	T	5	0.178571428571
251	A	1	0.0357142857143
252	C	1	0.0357142857143
252	G	1	0.0357142857143
253	A	5	0.178571428571
253	C	6	0.214285714286
254	G	2	0.0714285714286
254	T	1	0.0357142857143
257	G	1	0.0357142857143
266	T	1	0.0357142857143
269	A	2	0.0714285714286
269	C	1	0.0357142857143
269	G	1	0.0357142857143
273	G	1	0.0357142857143
275	A	3	0.107142857143
276	T	3	0.107142857143
279	A	1	0.0357142857143
279	C	4	0.142857142857
281	A	5	0.178571428571
281	C	5	0.178571428571
281	T	8	0.285714285714
284	C	2	0.0714285714286
286	T	5	0.178571428571
287	T	1	0.0357142857143
291	A	1	0.0357142857143
292	T	3	0.107142857143
293	T	1	0.0357142857143
