Position	Nucleotide	Multiplicity	Frequency
69	A	4	0.108108108108
70	T	1	0.027027027027
71	C	2	0.0540540540541
74	G	1	0.027027027027
78	C	1	0.027027027027
78	G	1	0.027027027027
80	T	2	0.0540540540541
81	G	3	0.0810810810811
82	G	5	0.135135135135
87	G	4	0.108108108108
88	A	1	0.027027027027
88	G	4	0.108108108108
88	T	1	0.027027027027
89	A	1	0.027027027027
89	T	4	0.108108108108
90	G	1	0.027027027027
91	A	5	0.135135135135
91	C	11	0.297297297297
92	A	3	0.0810810810811
93	C	2	0.0540540540541
94	T	1	0.027027027027
95	A	1	0.027027027027
98	A	1	0.027027027027
98	C	3	0.0810810810811
99	G	1	0.027027027027
99	T	1	0.027027027027
101	T	3	0.0810810810811
102	C	4	0.108108108108
102	G	5	0.135135135135
103	C	1	0.027027027027
103	T	2	0.0540540540541
104	T	5	0.135135135135
106	C	1	0.027027027027
107	C	1	0.027027027027
108	C	1	0.027027027027
109	C	10	0.27027027027
110	T	1	0.027027027027
111	A	1	0.027027027027
113	G	1	0.027027027027
118	A	2	0.0540540540541
119	A	1	0.027027027027
120	C	7	0.189189189189
120	G	1	0.027027027027
120	T	1	0.027027027027
121	A	3	0.0810810810811
121	G	1	0.027027027027
122	A	1	0.027027027027
125	G	1	0.027027027027
128	G	1	0.027027027027
131	A	1	0.027027027027
131	T	2	0.0540540540541
134	C	1	0.027027027027
137	T	1	0.027027027027
141	G	3	0.0810810810811
143	T	1	0.027027027027
145	C	3	0.0810810810811
146	G	7	0.189189189189
146	T	1	0.027027027027
147	A	1	0.027027027027
148	C	2	0.0540540540541
150	G	2	0.0540540540541
151	A	1	0.027027027027
152	C	3	0.0810810810811
152	T	1	0.027027027027
154	G	5	0.135135135135
155	T	2	0.0540540540541
156	A	2	0.0540540540541
156	G	1	0.027027027027
156	T	1	0.027027027027
158	G	2	0.0540540540541
159	C	1	0.027027027027
159	G	3	0.0810810810811
159	T	1	0.027027027027
160	G	2	0.0540540540541
161	A	7	0.189189189189
161	T	4	0.108108108108
162	C	1	0.027027027027
163	A	6	0.162162162162
163	C	2	0.0540540540541
164	A	2	0.0540540540541
166	A	1	0.027027027027
166	C	1	0.027027027027
167	A	5	0.135135135135
167	G	4	0.108108108108
168	G	1	0.027027027027
168	T	1	0.027027027027
169	C	1	0.027027027027
169	G	3	0.0810810810811
169	T	1	0.027027027027
170	A	6	0.162162162162
170	G	2	0.0540540540541
170	T	1	0.027027027027
171	G	3	0.0810810810811
173	C	1	0.027027027027
173	G	2	0.0540540540541
173	T	5	0.135135135135
175	A	4	0.108108108108
175	C	1	0.027027027027
175	T	3	0.0810810810811
177	G	1	0.027027027027
178	T	3	0.0810810810811
179	C	3	0.0810810810811
179	G	1	0.027027027027
180	T	1	0.027027027027
182	C	1	0.027027027027
183	A	2	0.0540540540541
183	G	2	0.0540540540541
186	G	1	0.027027027027
187	G	3	0.0810810810811
188	A	3	0.0810810810811
191	T	2	0.0540540540541
192	G	2	0.0540540540541
193	C	2	0.0540540540541
193	G	1	0.027027027027
194	A	1	0.027027027027
195	T	1	0.027027027027
196	A	1	0.027027027027
197	G	2	0.0540540540541
198	C	1	0.027027027027
199	C	1	0.027027027027
201	A	1	0.027027027027
203	T	1	0.027027027027
204	T	1	0.027027027027
205	G	2	0.0540540540541
205	T	3	0.0810810810811
206	G	1	0.027027027027
206	T	1	0.027027027027
207	C	4	0.108108108108
211	G	2	0.0540540540541
212	G	1	0.027027027027
212	T	4	0.108108108108
213	T	5	0.135135135135
215	A	4	0.108108108108
215	T	1	0.027027027027
216	C	1	0.027027027027
216	G	10	0.27027027027
217	G	1	0.027027027027
217	T	1	0.027027027027
218	A	1	0.027027027027
218	T	1	0.027027027027
219	T	2	0.0540540540541
220	A	6	0.162162162162
220	T	2	0.0540540540541
221	T	1	0.027027027027
223	T	1	0.027027027027
226	A	1	0.027027027027
226	C	2	0.0540540540541
227	G	2	0.0540540540541
228	G	1	0.027027027027
229	A	11	0.297297297297
229	C	3	0.0810810810811
230	A	2	0.0540540540541
230	G	1	0.027027027027
230	T	5	0.135135135135
233	T	1	0.027027027027
235	T	1	0.027027027027
237	A	1	0.027027027027
237	C	1	0.027027027027
237	G	1	0.027027027027
238	T	3	0.0810810810811
239	T	2	0.0540540540541
240	C	3	0.0810810810811
240	T	3	0.0810810810811
242	T	1	0.027027027027
245	A	13	0.351351351351
245	C	2	0.0540540540541
246	A	1	0.027027027027
246	G	1	0.027027027027
246	T	4	0.108108108108
247	G	1	0.027027027027
248	C	5	0.135135135135
248	T	1	0.027027027027
249	C	2	0.0540540540541
249	G	1	0.027027027027
250	A	3	0.0810810810811
250	C	1	0.027027027027
250	T	1	0.027027027027
251	T	1	0.027027027027
252	C	1	0.027027027027
252	G	4	0.108108108108
253	A	2	0.0540540540541
253	C	7	0.189189189189
254	G	1	0.027027027027
254	T	1	0.027027027027
255	T	1	0.027027027027
257	A	1	0.027027027027
257	T	1	0.027027027027
258	C	1	0.027027027027
258	G	1	0.027027027027
259	A	5	0.135135135135
259	C	7	0.189189189189
259	T	4	0.108108108108
260	C	1	0.027027027027
260	G	1	0.027027027027
261	G	2	0.0540540540541
262	T	4	0.108108108108
266	A	5	0.135135135135
266	C	9	0.243243243243
269	A	1	0.027027027027
272	A	1	0.027027027027
276	A	4	0.108108108108
277	C	1	0.027027027027
278	A	5	0.135135135135
278	C	3	0.0810810810811
278	T	4	0.108108108108
279	G	1	0.027027027027
281	C	1	0.027027027027
281	G	1	0.027027027027
283	G	2	0.0540540540541
283	T	8	0.216216216216
284	G	2	0.0540540540541
284	T	8	0.216216216216
285	G	1	0.027027027027
287	C	1	0.027027027027
288	T	1	0.027027027027
289	T	2	0.0540540540541
290	T	1	0.027027027027
