Position	Nucleotide	Multiplicity	Frequency
53	A	1	0.0344827586207
65	C	3	0.103448275862
67	A	3	0.103448275862
70	G	1	0.0344827586207
70	T	2	0.0689655172414
71	G	1	0.0344827586207
74	A	3	0.103448275862
76	A	5	0.172413793103
76	C	1	0.0344827586207
76	T	1	0.0344827586207
77	G	1	0.0344827586207
78	A	1	0.0344827586207
78	C	1	0.0344827586207
80	G	1	0.0344827586207
81	G	2	0.0689655172414
82	A	1	0.0344827586207
82	T	2	0.0689655172414
84	T	4	0.137931034483
86	T	1	0.0344827586207
87	G	9	0.310344827586
88	A	9	0.310344827586
88	C	2	0.0689655172414
89	C	3	0.103448275862
90	G	1	0.0344827586207
91	A	24	0.827586206897
91	T	1	0.0344827586207
92	G	1	0.0344827586207
92	T	2	0.0689655172414
93	C	3	0.103448275862
93	T	2	0.0689655172414
94	C	1	0.0344827586207
94	G	1	0.0344827586207
95	G	1	0.0344827586207
95	T	9	0.310344827586
96	G	3	0.103448275862
97	C	3	0.103448275862
97	G	1	0.0344827586207
97	T	1	0.0344827586207
98	G	1	0.0344827586207
98	T	2	0.0689655172414
99	G	3	0.103448275862
101	A	1	0.0344827586207
102	C	1	0.0344827586207
102	G	5	0.172413793103
103	A	1	0.0344827586207
103	C	6	0.206896551724
104	A	2	0.0689655172414
104	T	9	0.310344827586
105	C	1	0.0344827586207
106	T	1	0.0344827586207
107	T	1	0.0344827586207
108	A	1	0.0344827586207
108	T	3	0.103448275862
109	C	1	0.0344827586207
113	G	3	0.103448275862
115	C	1	0.0344827586207
119	C	7	0.241379310345
119	G	1	0.0344827586207
122	G	1	0.0344827586207
125	A	1	0.0344827586207
128	C	1	0.0344827586207
129	A	2	0.0689655172414
131	A	1	0.0344827586207
131	C	3	0.103448275862
131	T	1	0.0344827586207
137	A	1	0.0344827586207
137	C	3	0.103448275862
139	A	1	0.0344827586207
140	C	2	0.0689655172414
141	A	3	0.103448275862
143	A	1	0.0344827586207
144	A	1	0.0344827586207
144	G	1	0.0344827586207
146	C	1	0.0344827586207
146	G	3	0.103448275862
147	A	6	0.206896551724
147	C	15	0.51724137931
148	C	2	0.0689655172414
152	C	6	0.206896551724
152	G	1	0.0344827586207
154	C	1	0.0344827586207
154	T	2	0.0689655172414
155	A	1	0.0344827586207
155	C	2	0.0689655172414
157	C	2	0.0689655172414
158	A	1	0.0344827586207
158	T	12	0.413793103448
159	A	7	0.241379310345
160	A	1	0.0344827586207
160	C	10	0.344827586207
161	A	6	0.206896551724
162	A	1	0.0344827586207
163	A	1	0.0344827586207
163	T	1	0.0344827586207
164	A	1	0.0344827586207
164	G	3	0.103448275862
165	C	1	0.0344827586207
165	G	6	0.206896551724
165	T	3	0.103448275862
166	A	9	0.310344827586
166	C	15	0.51724137931
167	A	1	0.0344827586207
167	T	5	0.172413793103
170	T	1	0.0344827586207
171	A	4	0.137931034483
171	C	8	0.275862068966
172	T	4	0.137931034483
173	G	2	0.0689655172414
174	C	1	0.0344827586207
175	C	3	0.103448275862
176	G	1	0.0344827586207
177	T	1	0.0344827586207
182	A	2	0.0689655172414
184	T	3	0.103448275862
185	A	1	0.0344827586207
189	C	3	0.103448275862
190	G	1	0.0344827586207
191	T	1	0.0344827586207
193	A	1	0.0344827586207
194	T	3	0.103448275862
195	C	6	0.206896551724
197	C	3	0.103448275862
202	T	1	0.0344827586207
203	T	1	0.0344827586207
204	G	4	0.137931034483
206	T	3	0.103448275862
208	A	1	0.0344827586207
211	T	1	0.0344827586207
212	T	1	0.0344827586207
216	C	1	0.0344827586207
217	C	2	0.0689655172414
217	G	16	0.551724137931
218	A	1	0.0344827586207
218	C	2	0.0689655172414
219	A	1	0.0344827586207
219	G	1	0.0344827586207
221	G	1	0.0344827586207
222	G	4	0.137931034483
223	G	1	0.0344827586207
224	C	4	0.137931034483
225	C	3	0.103448275862
226	C	1	0.0344827586207
227	G	3	0.103448275862
229	T	4	0.137931034483
230	A	11	0.379310344828
230	T	1	0.0344827586207
231	G	11	0.379310344828
231	T	5	0.172413793103
233	A	4	0.137931034483
234	A	1	0.0344827586207
235	C	1	0.0344827586207
235	T	3	0.103448275862
239	A	1	0.0344827586207
239	C	3	0.103448275862
242	G	3	0.103448275862
246	G	1	0.0344827586207
247	G	3	0.103448275862
248	T	2	0.0689655172414
250	A	1	0.0344827586207
250	C	1	0.0344827586207
251	T	8	0.275862068966
252	A	1	0.0344827586207
252	T	1	0.0344827586207
255	G	1	0.0344827586207
256	C	3	0.103448275862
257	C	1	0.0344827586207
258	A	6	0.206896551724
258	C	1	0.0344827586207
258	T	3	0.103448275862
259	G	7	0.241379310345
259	T	10	0.344827586207
260	C	1	0.0344827586207
263	A	1	0.0344827586207
263	C	1	0.0344827586207
266	A	1	0.0344827586207
266	T	6	0.206896551724
267	T	6	0.206896551724
271	G	4	0.137931034483
272	C	6	0.206896551724
273	A	1	0.0344827586207
274	A	1	0.0344827586207
275	A	4	0.137931034483
275	C	4	0.137931034483
275	T	1	0.0344827586207
280	T	1	0.0344827586207
281	T	10	0.344827586207
284	C	1	0.0344827586207
284	G	1	0.0344827586207
285	A	8	0.275862068966
285	T	1	0.0344827586207
286	T	7	0.241379310345
