Position	Nucleotide	Multiplicity	Frequency
65	C	1	0.04
67	A	1	0.04
67	T	2	0.08
69	A	1	0.04
70	G	1	0.04
70	T	3	0.12
71	G	2	0.08
74	G	1	0.04
75	A	1	0.04
77	T	1	0.04
78	C	1	0.04
79	C	1	0.04
80	G	1	0.04
81	G	2	0.08
81	T	1	0.04
82	T	3	0.12
83	G	1	0.04
84	C	1	0.04
85	A	1	0.04
86	G	1	0.04
86	T	2	0.08
88	A	1	0.04
88	C	3	0.12
89	C	2	0.08
89	G	1	0.04
90	G	3	0.12
91	A	3	0.12
91	C	5	0.2
92	G	1	0.04
92	T	6	0.24
93	A	1	0.04
93	C	2	0.08
94	G	1	0.04
94	T	4	0.16
95	C	4	0.16
96	C	2	0.08
96	G	5	0.2
96	T	1	0.04
97	A	4	0.16
97	C	5	0.2
98	C	2	0.08
98	G	1	0.04
98	T	1	0.04
99	G	1	0.04
99	T	1	0.04
100	A	1	0.04
101	A	1	0.04
101	C	1	0.04
101	T	1	0.04
102	C	1	0.04
103	G	1	0.04
103	T	2	0.08
104	T	5	0.2
105	C	2	0.08
108	T	1	0.04
113	G	1	0.04
119	C	1	0.04
125	A	1	0.04
126	G	1	0.04
127	G	2	0.08
130	C	1	0.04
131	A	4	0.16
132	A	1	0.04
133	C	3	0.12
134	A	1	0.04
135	C	1	0.04
137	A	2	0.08
137	C	1	0.04
141	A	4	0.16
141	C	6	0.24
143	A	1	0.04
143	C	1	0.04
144	G	3	0.12
146	C	1	0.04
146	G	3	0.12
147	C	1	0.04
148	T	4	0.16
149	T	7	0.28
151	A	1	0.04
152	A	1	0.04
152	C	1	0.04
153	C	1	0.04
153	G	2	0.08
154	A	2	0.08
154	C	4	0.16
154	T	1	0.04
155	C	4	0.16
155	G	1	0.04
156	C	2	0.08
156	G	7	0.28
157	A	1	0.04
157	C	4	0.16
158	A	1	0.04
158	C	3	0.12
158	G	2	0.08
159	C	1	0.04
159	G	7	0.28
159	T	2	0.08
160	A	6	0.24
160	C	3	0.12
161	A	1	0.04
161	C	4	0.16
162	C	1	0.04
162	G	5	0.2
163	A	1	0.04
163	C	1	0.04
164	A	2	0.08
164	C	2	0.08
165	C	2	0.08
165	G	6	0.24
165	T	2	0.08
166	C	7	0.28
166	T	2	0.08
167	A	2	0.08
167	C	2	0.08
167	G	3	0.12
168	C	1	0.04
168	G	4	0.16
168	T	2	0.08
169	A	2	0.08
169	G	5	0.2
169	T	4	0.16
170	G	1	0.04
170	T	4	0.16
171	G	1	0.04
172	C	4	0.16
172	G	2	0.08
173	C	2	0.08
173	G	2	0.08
173	T	1	0.04
174	A	3	0.12
174	C	1	0.04
174	G	1	0.04
175	C	1	0.04
175	G	1	0.04
175	T	5	0.2
176	A	2	0.08
176	G	3	0.12
176	T	1	0.04
177	C	2	0.08
179	A	1	0.04
179	T	2	0.08
180	A	1	0.04
182	G	1	0.04
183	T	1	0.04
184	G	2	0.08
185	A	1	0.04
185	G	1	0.04
187	T	1	0.04
190	C	1	0.04
190	G	1	0.04
191	A	1	0.04
192	G	1	0.04
193	G	3	0.12
200	C	2	0.08
202	C	1	0.04
204	G	1	0.04
204	T	2	0.08
206	T	1	0.04
207	G	2	0.08
209	A	1	0.04
210	C	1	0.04
211	G	1	0.04
212	T	1	0.04
214	C	1	0.04
215	C	1	0.04
215	G	1	0.04
219	G	2	0.08
220	C	1	0.04
221	C	1	0.04
222	A	1	0.04
223	G	1	0.04
225	G	1	0.04
226	C	1	0.04
226	G	1	0.04
227	A	1	0.04
227	C	5	0.2
227	T	1	0.04
229	G	3	0.12
230	A	2	0.08
230	T	2	0.08
232	A	2	0.08
233	C	2	0.08
233	G	2	0.08
233	T	1	0.04
234	G	2	0.08
234	T	1	0.04
236	A	1	0.04
236	C	1	0.04
236	T	4	0.16
237	C	2	0.08
238	T	5	0.2
239	C	2	0.08
242	A	1	0.04
242	C	2	0.08
243	G	1	0.04
246	C	1	0.04
246	T	1	0.04
249	G	2	0.08
250	C	1	0.04
250	G	3	0.12
251	A	1	0.04
252	C	1	0.04
252	G	3	0.12
253	A	2	0.08
258	C	1	0.04
258	G	2	0.08
259	A	2	0.08
259	C	4	0.16
260	C	1	0.04
261	A	1	0.04
261	C	1	0.04
262	A	1	0.04
262	T	3	0.12
263	G	1	0.04
265	G	1	0.04
266	A	1	0.04
266	C	2	0.08
269	A	1	0.04
273	T	1	0.04
274	G	1	0.04
275	C	1	0.04
276	A	3	0.12
276	C	2	0.08
278	A	1	0.04
278	C	7	0.28
278	G	1	0.04
278	T	2	0.08
281	C	1	0.04
283	T	3	0.12
284	T	1	0.04
285	G	1	0.04
287	C	1	0.04
289	T	4	0.16
290	C	2	0.08
