Position	Nucleotide	Multiplicity	Frequency
48	C	1	0.037037037037
86	T	1	0.037037037037
90	G	1	0.037037037037
91	A	2	0.0740740740741
92	A	1	0.037037037037
92	T	1	0.037037037037
95	C	1	0.037037037037
96	G	1	0.037037037037
96	T	1	0.037037037037
98	G	1	0.037037037037
103	C	1	0.037037037037
119	C	1	0.037037037037
125	A	1	0.037037037037
129	A	1	0.037037037037
145	T	1	0.037037037037
152	C	1	0.037037037037
153	C	1	0.037037037037
154	T	1	0.037037037037
156	G	1	0.037037037037
156	T	1	0.037037037037
157	A	2	0.0740740740741
158	G	1	0.037037037037
160	C	1	0.037037037037
162	G	1	0.037037037037
162	T	1	0.037037037037
163	C	1	0.037037037037
165	G	1	0.037037037037
166	C	2	0.0740740740741
167	G	1	0.037037037037
170	G	1	0.037037037037
176	T	1	0.037037037037
179	T	1	0.037037037037
187	G	1	0.037037037037
188	A	1	0.037037037037
189	A	1	0.037037037037
210	C	1	0.037037037037
215	G	1	0.037037037037
220	G	1	0.037037037037
222	A	1	0.037037037037
231	A	1	0.037037037037
233	C	1	0.037037037037
233	G	1	0.037037037037
238	C	1	0.037037037037
250	C	1	0.037037037037
269	T	1	0.037037037037
270	T	1	0.037037037037
275	C	2	0.0740740740741
275	G	1	0.037037037037
278	A	1	0.037037037037
278	T	1	0.037037037037
284	G	1	0.037037037037
284	T	1	0.037037037037
285	G	1	0.037037037037
286	A	1	0.037037037037
287	G	1	0.037037037037
288	A	1	0.037037037037
289	A	1	0.037037037037
290	C	1	0.037037037037
290	T	1	0.037037037037
