Position	Nucleotide	Multiplicity	Frequency
62	A	1	0.00571428571429
67	T	72	0.411428571429
69	A	1	0.00571428571429
72	C	1	0.00571428571429
74	C	1	0.00571428571429
86	T	79	0.451428571429
88	A	2	0.0114285714286
89	C	2	0.0114285714286
90	C	78	0.445714285714
90	T	2	0.0114285714286
91	A	3	0.0171428571429
92	A	79	0.451428571429
92	C	2	0.0114285714286
96	A	1	0.00571428571429
98	T	3	0.0171428571429
99	G	1	0.00571428571429
103	C	2	0.0114285714286
104	T	2	0.0114285714286
109	A	1	0.00571428571429
110	T	1	0.00571428571429
111	A	1	0.00571428571429
113	A	1	0.00571428571429
113	C	1	0.00571428571429
115	C	1	0.00571428571429
117	T	3	0.0171428571429
123	A	1	0.00571428571429
125	A	1	0.00571428571429
126	C	1	0.00571428571429
127	G	80	0.457142857143
128	C	2	0.0114285714286
131	G	1	0.00571428571429
132	G	1	0.00571428571429
132	T	1	0.00571428571429
136	C	1	0.00571428571429
136	G	1	0.00571428571429
141	C	1	0.00571428571429
141	G	1	0.00571428571429
145	A	1	0.00571428571429
146	C	1	0.00571428571429
147	A	79	0.451428571429
147	G	3	0.0171428571429
149	A	3	0.0171428571429
149	C	79	0.451428571429
151	G	1	0.00571428571429
152	T	2	0.0114285714286
153	A	4	0.0228571428571
153	C	1	0.00571428571429
155	C	2	0.0114285714286
156	C	3	0.0171428571429
158	T	2	0.0114285714286
160	C	80	0.457142857143
160	T	1	0.00571428571429
161	G	1	0.00571428571429
164	A	2	0.0114285714286
166	A	1	0.00571428571429
166	C	81	0.462857142857
166	T	1	0.00571428571429
167	A	2	0.0114285714286
171	T	1	0.00571428571429
172	C	1	0.00571428571429
172	T	1	0.00571428571429
173	A	2	0.0114285714286
173	G	1	0.00571428571429
173	T	1	0.00571428571429
178	G	2	0.0114285714286
179	A	2	0.0114285714286
179	T	2	0.0114285714286
182	G	1	0.00571428571429
183	C	1	0.00571428571429
188	A	1	0.00571428571429
189	C	80	0.457142857143
191	C	1	0.00571428571429
192	G	1	0.00571428571429
196	A	1	0.00571428571429
205	C	1	0.00571428571429
206	C	1	0.00571428571429
206	G	2	0.0114285714286
206	T	3	0.0171428571429
207	G	1	0.00571428571429
209	C	3	0.0171428571429
209	G	1	0.00571428571429
209	T	1	0.00571428571429
210	C	80	0.457142857143
210	T	1	0.00571428571429
212	G	2	0.0114285714286
217	T	1	0.00571428571429
225	G	1	0.00571428571429
226	C	1	0.00571428571429
227	T	1	0.00571428571429
228	G	2	0.0114285714286
230	A	72	0.411428571429
230	C	1	0.00571428571429
230	T	1	0.00571428571429
231	A	2	0.0114285714286
231	C	1	0.00571428571429
234	C	3	0.0171428571429
234	G	1	0.00571428571429
237	T	1	0.00571428571429
239	A	1	0.00571428571429
241	C	2	0.0114285714286
241	G	80	0.457142857143
243	G	1	0.00571428571429
243	T	82	0.468571428571
244	G	1	0.00571428571429
245	A	1	0.00571428571429
246	C	1	0.00571428571429
246	G	1	0.00571428571429
247	A	2	0.0114285714286
247	C	79	0.451428571429
247	T	2	0.0114285714286
249	C	1	0.00571428571429
250	T	2	0.0114285714286
251	C	1	0.00571428571429
253	C	2	0.0114285714286
257	A	1	0.00571428571429
257	G	1	0.00571428571429
260	C	7	0.04
260	T	1	0.00571428571429
262	T	1	0.00571428571429
266	T	1	0.00571428571429
267	T	1	0.00571428571429
272	T	5	0.0285714285714
275	C	82	0.468571428571
278	C	3	0.0171428571429
280	C	1	0.00571428571429
284	G	2	0.0114285714286
287	C	1	0.00571428571429
