Position	Nucleotide	Multiplicity	Frequency
65	C	1	0.0666666666667
88	C	2	0.133333333333
88	G	2	0.133333333333
97	T	1	0.0666666666667
109	G	1	0.0666666666667
138	C	1	0.0666666666667
142	C	1	0.0666666666667
147	A	1	0.0666666666667
154	A	1	0.0666666666667
165	T	1	0.0666666666667
166	A	4	0.266666666667
168	T	2	0.133333333333
169	A	3	0.2
175	A	1	0.0666666666667
204	G	1	0.0666666666667
209	G	1	0.0666666666667
211	A	1	0.0666666666667
212	T	1	0.0666666666667
215	G	2	0.133333333333
221	T	1	0.0666666666667
223	G	2	0.133333333333
233	A	3	0.2
254	C	3	0.2
262	A	1	0.0666666666667
263	C	3	0.2
269	T	1	0.0666666666667
272	A	1	0.0666666666667
275	T	1	0.0666666666667
276	G	3	0.2
283	T	2	0.133333333333
288	A	2	0.133333333333
290	G	3	0.2
292	G	3	0.2
