Position	Nucleotide	Multiplicity	Frequency
67	G	2	0.0869565217391
71	T	1	0.0434782608696
72	C	1	0.0434782608696
88	A	1	0.0434782608696
88	C	1	0.0434782608696
90	C	1	0.0434782608696
91	C	1	0.0434782608696
91	T	1	0.0434782608696
92	A	1	0.0434782608696
92	T	1	0.0434782608696
94	T	1	0.0434782608696
95	A	1	0.0434782608696
103	C	1	0.0434782608696
104	T	1	0.0434782608696
115	G	1	0.0434782608696
148	C	1	0.0434782608696
148	T	1	0.0434782608696
150	G	1	0.0434782608696
150	T	1	0.0434782608696
155	C	3	0.130434782609
156	G	1	0.0434782608696
157	G	1	0.0434782608696
158	G	1	0.0434782608696
160	C	1	0.0434782608696
165	G	1	0.0434782608696
169	G	1	0.0434782608696
170	A	1	0.0434782608696
170	C	1	0.0434782608696
171	G	1	0.0434782608696
172	T	1	0.0434782608696
173	C	1	0.0434782608696
173	T	1	0.0434782608696
174	C	1	0.0434782608696
221	T	1	0.0434782608696
224	G	1	0.0434782608696
226	G	1	0.0434782608696
230	T	1	0.0434782608696
232	T	1	0.0434782608696
234	G	2	0.0869565217391
238	C	1	0.0434782608696
238	T	1	0.0434782608696
242	C	1	0.0434782608696
243	G	1	0.0434782608696
245	C	1	0.0434782608696
250	G	2	0.0869565217391
262	A	1	0.0434782608696
262	T	1	0.0434782608696
266	A	1	0.0434782608696
276	A	2	0.0869565217391
278	A	2	0.0869565217391
278	T	1	0.0434782608696
284	T	1	0.0434782608696
287	C	2	0.0869565217391
288	A	3	0.130434782609
289	T	1	0.0434782608696
290	A	1	0.0434782608696
