Position	Nucleotide	Multiplicity	Frequency
50	A	42	0.933333333333
69	C	1	0.0222222222222
71	C	2	0.0444444444444
72	C	2	0.0444444444444
77	G	1	0.0222222222222
78	T	1	0.0222222222222
79	A	1	0.0222222222222
81	G	1	0.0222222222222
82	A	1	0.0222222222222
84	C	2	0.0444444444444
88	C	2	0.0444444444444
89	T	1	0.0222222222222
91	A	3	0.0666666666667
92	A	1	0.0222222222222
92	T	1	0.0222222222222
95	C	1	0.0222222222222
96	G	1	0.0222222222222
97	A	1	0.0222222222222
97	G	3	0.0666666666667
98	C	1	0.0222222222222
99	T	2	0.0444444444444
103	A	1	0.0222222222222
103	T	1	0.0222222222222
106	A	1	0.0222222222222
111	T	1	0.0222222222222
131	A	1	0.0222222222222
137	A	1	0.0222222222222
140	A	1	0.0222222222222
146	C	1	0.0222222222222
147	C	1	0.0222222222222
150	T	1	0.0222222222222
154	C	1	0.0222222222222
158	A	1	0.0222222222222
161	G	2	0.0444444444444
162	A	1	0.0222222222222
162	G	1	0.0222222222222
162	T	1	0.0222222222222
164	C	2	0.0444444444444
166	A	2	0.0444444444444
167	A	1	0.0222222222222
167	G	1	0.0222222222222
168	G	1	0.0222222222222
169	A	1	0.0222222222222
170	G	1	0.0222222222222
171	A	1	0.0222222222222
174	G	1	0.0222222222222
175	T	1	0.0222222222222
176	G	1	0.0222222222222
176	T	1	0.0222222222222
179	T	1	0.0222222222222
180	A	2	0.0444444444444
182	T	1	0.0222222222222
186	C	1	0.0222222222222
188	A	1	0.0222222222222
190	C	1	0.0222222222222
191	T	1	0.0222222222222
193	G	1	0.0222222222222
196	A	2	0.0444444444444
197	T	1	0.0222222222222
205	T	1	0.0222222222222
206	T	1	0.0222222222222
207	T	1	0.0222222222222
209	A	1	0.0222222222222
212	G	1	0.0222222222222
221	T	1	0.0222222222222
224	T	1	0.0222222222222
227	T	1	0.0222222222222
229	C	1	0.0222222222222
230	A	1	0.0222222222222
230	G	1	0.0222222222222
232	A	1	0.0222222222222
235	T	2	0.0444444444444
237	C	1	0.0222222222222
238	T	1	0.0222222222222
245	C	1	0.0222222222222
246	A	1	0.0222222222222
246	G	1	0.0222222222222
246	T	1	0.0222222222222
249	C	1	0.0222222222222
250	A	1	0.0222222222222
251	A	1	0.0222222222222
254	T	1	0.0222222222222
257	A	1	0.0222222222222
266	A	1	0.0222222222222
266	C	1	0.0222222222222
276	A	1	0.0222222222222
278	A	1	0.0222222222222
278	C	2	0.0444444444444
284	T	1	0.0222222222222
288	A	1	0.0222222222222
290	A	1	0.0222222222222
