Position	Nucleotide	Multiplicity	Frequency
73	T	1	0.0555555555556
77	G	1	0.0555555555556
90	C	1	0.0555555555556
90	G	1	0.0555555555556
91	C	1	0.0555555555556
93	T	2	0.111111111111
103	A	1	0.0555555555556
104	T	1	0.0555555555556
105	C	1	0.0555555555556
147	A	1	0.0555555555556
149	C	1	0.0555555555556
150	C	1	0.0555555555556
152	G	1	0.0555555555556
153	C	1	0.0555555555556
154	G	1	0.0555555555556
156	G	1	0.0555555555556
157	A	1	0.0555555555556
160	A	2	0.111111111111
161	C	1	0.0555555555556
166	A	1	0.0555555555556
167	G	2	0.111111111111
167	T	2	0.111111111111
171	A	1	0.0555555555556
171	C	1	0.0555555555556
172	T	1	0.0555555555556
173	G	1	0.0555555555556
176	T	1	0.0555555555556
210	C	1	0.0555555555556
216	G	1	0.0555555555556
220	A	1	0.0555555555556
221	T	1	0.0555555555556
227	T	1	0.0555555555556
229	G	1	0.0555555555556
231	A	1	0.0555555555556
231	T	1	0.0555555555556
234	G	1	0.0555555555556
239	G	1	0.0555555555556
247	G	1	0.0555555555556
257	G	1	0.0555555555556
269	T	1	0.0555555555556
281	T	1	0.0555555555556
287	A	1	0.0555555555556
