Position	Nucleotide	Multiplicity	Frequency
66	T	1	0.0204081632653
68	G	1	0.0204081632653
69	A	1	0.0204081632653
70	G	2	0.0408163265306
71	G	4	0.0816326530612
77	C	1	0.0204081632653
78	A	1	0.0204081632653
80	T	4	0.0816326530612
81	G	4	0.0816326530612
81	T	1	0.0204081632653
82	A	1	0.0204081632653
82	G	1	0.0204081632653
84	C	1	0.0204081632653
84	G	1	0.0204081632653
86	C	1	0.0204081632653
87	G	1	0.0204081632653
88	C	1	0.0204081632653
89	A	1	0.0204081632653
89	T	2	0.0408163265306
90	G	5	0.102040816327
90	T	1	0.0204081632653
91	A	7	0.142857142857
91	C	2	0.0408163265306
92	A	1	0.0204081632653
92	T	1	0.0204081632653
94	C	5	0.102040816327
94	G	1	0.0204081632653
94	T	2	0.0408163265306
95	C	1	0.0204081632653
96	A	1	0.0204081632653
96	C	1	0.0204081632653
97	A	2	0.0408163265306
97	G	1	0.0204081632653
102	T	1	0.0204081632653
103	A	1	0.0204081632653
103	C	1	0.0204081632653
104	T	2	0.0408163265306
117	A	1	0.0204081632653
118	G	1	0.0204081632653
118	T	1	0.0204081632653
126	G	4	0.0816326530612
127	C	1	0.0204081632653
127	G	4	0.0816326530612
129	A	1	0.0204081632653
133	C	1	0.0204081632653
134	A	2	0.0408163265306
135	C	1	0.0204081632653
140	A	1	0.0204081632653
144	G	1	0.0204081632653
146	G	1	0.0204081632653
147	A	6	0.122448979592
148	G	11	0.224489795918
148	T	2	0.0408163265306
150	C	1	0.0204081632653
150	G	1	0.0204081632653
154	C	1	0.0204081632653
157	C	4	0.0816326530612
158	A	4	0.0816326530612
158	T	1	0.0204081632653
159	C	3	0.0612244897959
159	G	2	0.0408163265306
160	A	2	0.0408163265306
160	C	1	0.0204081632653
161	A	2	0.0408163265306
161	C	1	0.0204081632653
162	C	1	0.0204081632653
163	A	1	0.0204081632653
164	A	2	0.0408163265306
164	G	4	0.0816326530612
165	A	1	0.0204081632653
165	C	1	0.0204081632653
165	T	1	0.0204081632653
166	A	6	0.122448979592
166	T	1	0.0204081632653
167	A	1	0.0204081632653
168	C	1	0.0204081632653
168	G	1	0.0204081632653
169	A	2	0.0408163265306
169	C	1	0.0204081632653
170	A	1	0.0204081632653
170	T	5	0.102040816327
172	G	4	0.0816326530612
174	A	1	0.0204081632653
174	G	3	0.0612244897959
175	T	2	0.0408163265306
176	T	1	0.0204081632653
177	A	1	0.0204081632653
179	C	1	0.0204081632653
180	A	1	0.0204081632653
181	C	1	0.0204081632653
184	G	1	0.0204081632653
192	C	2	0.0408163265306
192	G	1	0.0204081632653
193	G	1	0.0204081632653
198	A	1	0.0204081632653
200	A	4	0.0816326530612
200	C	2	0.0408163265306
203	T	1	0.0204081632653
204	C	1	0.0204081632653
205	A	1	0.0204081632653
205	G	2	0.0408163265306
205	T	2	0.0408163265306
208	C	1	0.0204081632653
209	A	1	0.0204081632653
213	C	4	0.0816326530612
215	C	1	0.0204081632653
217	G	1	0.0204081632653
218	C	1	0.0204081632653
219	G	3	0.0612244897959
220	C	1	0.0204081632653
220	G	2	0.0408163265306
225	G	3	0.0612244897959
228	G	2	0.0408163265306
229	C	2	0.0408163265306
229	G	4	0.0816326530612
230	G	4	0.0816326530612
230	T	1	0.0204081632653
232	A	1	0.0204081632653
232	T	1	0.0204081632653
233	A	2	0.0408163265306
233	T	4	0.0816326530612
234	A	1	0.0204081632653
234	T	2	0.0408163265306
236	C	1	0.0204081632653
236	T	1	0.0204081632653
237	C	1	0.0204081632653
238	C	1	0.0204081632653
238	T	2	0.0408163265306
239	C	1	0.0204081632653
242	A	5	0.102040816327
242	T	2	0.0408163265306
245	G	2	0.0408163265306
251	G	1	0.0204081632653
254	T	1	0.0204081632653
256	A	1	0.0204081632653
258	C	1	0.0204081632653
258	G	2	0.0408163265306
260	C	4	0.0816326530612
260	G	1	0.0204081632653
262	A	2	0.0408163265306
262	G	4	0.0816326530612
262	T	1	0.0204081632653
263	T	1	0.0204081632653
265	C	1	0.0204081632653
266	C	2	0.0408163265306
268	T	1	0.0204081632653
269	A	1	0.0204081632653
270	T	1	0.0204081632653
275	A	1	0.0204081632653
275	T	2	0.0408163265306
276	A	1	0.0204081632653
276	C	1	0.0204081632653
276	T	2	0.0408163265306
278	C	2	0.0408163265306
278	G	3	0.0612244897959
278	T	2	0.0408163265306
279	G	1	0.0204081632653
283	T	1	0.0204081632653
284	T	1	0.0204081632653
289	T	2	0.0408163265306
290	A	1	0.0204081632653
290	C	1	0.0204081632653
