Position	Nucleotide	Multiplicity	Frequency
76	A	2	0.0869565217391
84	G	1	0.0434782608696
86	G	1	0.0434782608696
89	A	1	0.0434782608696
90	C	1	0.0434782608696
91	A	3	0.130434782609
93	G	1	0.0434782608696
94	A	2	0.0869565217391
96	G	1	0.0434782608696
97	T	1	0.0434782608696
106	C	1	0.0434782608696
130	C	1	0.0434782608696
130	G	1	0.0434782608696
134	T	1	0.0434782608696
137	A	4	0.173913043478
146	A	3	0.130434782609
149	A	1	0.0434782608696
153	G	1	0.0434782608696
154	T	1	0.0434782608696
156	A	1	0.0434782608696
156	C	1	0.0434782608696
157	A	3	0.130434782609
160	C	3	0.130434782609
160	G	1	0.0434782608696
164	C	1	0.0434782608696
166	A	3	0.130434782609
167	A	1	0.0434782608696
167	T	1	0.0434782608696
168	G	3	0.130434782609
168	T	1	0.0434782608696
169	A	2	0.0869565217391
169	T	1	0.0434782608696
173	A	3	0.130434782609
179	T	1	0.0434782608696
182	G	3	0.130434782609
182	T	1	0.0434782608696
183	T	1	0.0434782608696
184	T	1	0.0434782608696
189	C	3	0.130434782609
190	T	1	0.0434782608696
206	C	3	0.130434782609
209	A	3	0.130434782609
209	C	1	0.0434782608696
211	G	3	0.130434782609
213	C	1	0.0434782608696
214	T	1	0.0434782608696
216	T	3	0.130434782609
220	C	3	0.130434782609
225	G	1	0.0434782608696
226	G	1	0.0434782608696
229	T	3	0.130434782609
230	C	3	0.130434782609
231	A	1	0.0434782608696
233	T	1	0.0434782608696
235	T	3	0.130434782609
241	G	1	0.0434782608696
242	C	3	0.130434782609
244	G	1	0.0434782608696
245	C	3	0.130434782609
246	C	1	0.0434782608696
246	T	1	0.0434782608696
247	A	1	0.0434782608696
247	C	3	0.130434782609
250	C	1	0.0434782608696
256	G	3	0.130434782609
258	A	1	0.0434782608696
263	T	5	0.217391304348
266	A	1	0.0434782608696
266	C	1	0.0434782608696
274	T	1	0.0434782608696
275	A	3	0.130434782609
275	C	1	0.0434782608696
275	T	1	0.0434782608696
284	T	1	0.0434782608696
