Position	Nucleotide	Multiplicity	Frequency
71	C	23	0.425925925926
89	A	1	0.0185185185185
90	C	1	0.0185185185185
91	A	1	0.0185185185185
94	T	1	0.0185185185185
96	A	1	0.0185185185185
97	C	1	0.0185185185185
98	T	1	0.0185185185185
109	C	1	0.0185185185185
122	T	1	0.0185185185185
149	C	1	0.0185185185185
160	C	1	0.0185185185185
171	G	1	0.0185185185185
182	G	1	0.0185185185185
196	C	1	0.0185185185185
197	A	1	0.0185185185185
217	C	1	0.0185185185185
217	G	1	0.0185185185185
222	G	1	0.0185185185185
227	T	1	0.0185185185185
231	T	1	0.0185185185185
233	A	1	0.0185185185185
252	G	1	0.0185185185185
262	T	1	0.0185185185185
271	T	2	0.037037037037
278	A	1	0.0185185185185
287	C	1	0.0185185185185
290	A	1	0.0185185185185
290	T	1	0.0185185185185
