Position	Nucleotide	Multiplicity	Frequency
49	T	1	0.027027027027
71	G	1	0.027027027027
71	T	1	0.027027027027
77	G	2	0.0540540540541
80	T	1	0.027027027027
82	T	1	0.027027027027
84	G	2	0.0540540540541
88	A	5	0.135135135135
88	C	4	0.108108108108
89	C	1	0.027027027027
90	G	1	0.027027027027
91	A	1	0.027027027027
92	T	4	0.108108108108
93	A	2	0.0540540540541
93	C	1	0.027027027027
95	C	2	0.0540540540541
96	T	2	0.0540540540541
97	A	2	0.0540540540541
97	C	1	0.027027027027
101	A	1	0.027027027027
103	G	2	0.0540540540541
104	T	2	0.0540540540541
123	A	1	0.027027027027
127	G	2	0.0540540540541
131	A	1	0.027027027027
144	G	1	0.027027027027
146	T	2	0.0540540540541
152	C	1	0.027027027027
153	G	1	0.027027027027
153	T	1	0.027027027027
154	A	1	0.027027027027
154	C	2	0.0540540540541
155	A	1	0.027027027027
156	G	2	0.0540540540541
159	C	1	0.027027027027
160	C	1	0.027027027027
160	T	1	0.027027027027
162	G	2	0.0540540540541
163	A	2	0.0540540540541
166	A	1	0.027027027027
166	C	2	0.0540540540541
167	C	1	0.027027027027
169	T	2	0.0540540540541
170	T	1	0.027027027027
171	G	1	0.027027027027
172	C	1	0.027027027027
173	G	1	0.027027027027
173	T	1	0.027027027027
174	G	1	0.027027027027
180	T	1	0.027027027027
181	G	1	0.027027027027
189	A	9	0.243243243243
198	A	1	0.027027027027
202	C	1	0.027027027027
207	G	1	0.027027027027
211	T	1	0.027027027027
215	T	1	0.027027027027
230	G	1	0.027027027027
230	T	1	0.027027027027
231	C	1	0.027027027027
233	C	1	0.027027027027
240	T	2	0.0540540540541
242	A	1	0.027027027027
248	T	1	0.027027027027
249	G	1	0.027027027027
250	G	1	0.027027027027
251	A	1	0.027027027027
254	T	3	0.0810810810811
255	T	1	0.027027027027
261	T	1	0.027027027027
266	C	1	0.027027027027
266	T	1	0.027027027027
270	T	1	0.027027027027
278	A	1	0.027027027027
278	C	3	0.0810810810811
288	A	1	0.027027027027
290	A	1	0.027027027027
