Position	Nucleotide	Multiplicity	Frequency
65	C	5	0.0980392156863
66	G	2	0.0392156862745
68	T	1	0.0196078431373
70	C	3	0.0588235294118
79	T	2	0.0392156862745
82	T	2	0.0392156862745
84	C	2	0.0392156862745
88	G	4	0.078431372549
89	A	2	0.0392156862745
90	G	2	0.0392156862745
91	A	2	0.0392156862745
91	C	5	0.0980392156863
93	A	4	0.078431372549
93	G	2	0.0392156862745
95	T	4	0.078431372549
103	C	4	0.078431372549
117	C	1	0.0196078431373
160	C	2	0.0392156862745
164	T	2	0.0392156862745
173	T	2	0.0392156862745
175	A	4	0.078431372549
181	A	2	0.0392156862745
181	C	1	0.0196078431373
182	T	1	0.0196078431373
189	C	1	0.0196078431373
191	T	1	0.0196078431373
199	T	4	0.078431372549
200	A	2	0.0392156862745
220	C	4	0.078431372549
223	T	1	0.0196078431373
225	G	1	0.0196078431373
226	C	1	0.0196078431373
229	A	3	0.0588235294118
234	T	4	0.078431372549
240	G	4	0.078431372549
240	T	1	0.0196078431373
241	C	1	0.0196078431373
242	A	1	0.0196078431373
244	G	2	0.0392156862745
245	A	1	0.0196078431373
249	C	1	0.0196078431373
250	C	1	0.0196078431373
253	T	1	0.0196078431373
258	C	1	0.0196078431373
259	G	2	0.0392156862745
260	A	1	0.0196078431373
277	A	4	0.078431372549
278	A	4	0.078431372549
284	T	5	0.0980392156863
285	C	1	0.0196078431373
288	A	1	0.0196078431373
290	T	1	0.0196078431373
