Position	Nucleotide	Multiplicity	Frequency
48	C	1	0.0181818181818
61	T	1	0.0181818181818
65	C	11	0.2
66	C	14	0.254545454545
66	G	1	0.0181818181818
67	C	1	0.0181818181818
68	C	1	0.0181818181818
69	A	5	0.0909090909091
70	C	10	0.181818181818
70	T	1	0.0181818181818
71	A	2	0.0363636363636
71	C	9	0.163636363636
71	G	1	0.0181818181818
72	G	1	0.0181818181818
73	A	1	0.0181818181818
74	A	3	0.0545454545455
74	C	5	0.0909090909091
74	G	1	0.0181818181818
75	A	1	0.0181818181818
76	A	1	0.0181818181818
76	C	6	0.109090909091
77	C	1	0.0181818181818
78	C	3	0.0545454545455
78	G	1	0.0181818181818
80	T	3	0.0545454545455
81	G	3	0.0545454545455
82	A	15	0.272727272727
82	C	5	0.0909090909091
82	T	2	0.0363636363636
83	A	3	0.0545454545455
83	G	5	0.0909090909091
83	T	7	0.127272727273
85	A	1	0.0181818181818
86	C	3	0.0545454545455
86	G	1	0.0181818181818
87	C	5	0.0909090909091
87	G	5	0.0909090909091
87	T	5	0.0909090909091
88	G	3	0.0545454545455
88	T	8	0.145454545455
89	G	3	0.0545454545455
89	T	1	0.0181818181818
90	C	2	0.0363636363636
90	G	4	0.0727272727273
91	A	28	0.509090909091
91	C	6	0.109090909091
91	T	3	0.0545454545455
92	G	4	0.0727272727273
92	T	11	0.2
93	C	7	0.127272727273
94	C	1	0.0181818181818
94	G	1	0.0181818181818
94	T	1	0.0181818181818
95	G	3	0.0545454545455
95	T	9	0.163636363636
96	G	1	0.0181818181818
97	A	2	0.0363636363636
98	A	1	0.0181818181818
98	C	2	0.0363636363636
99	C	2	0.0363636363636
99	T	1	0.0181818181818
100	A	1	0.0181818181818
100	T	1	0.0181818181818
102	A	1	0.0181818181818
103	A	2	0.0363636363636
103	C	10	0.181818181818
103	T	7	0.127272727273
104	A	1	0.0181818181818
104	G	1	0.0181818181818
105	G	1	0.0181818181818
107	T	1	0.0181818181818
109	C	2	0.0363636363636
110	C	2	0.0363636363636
110	T	1	0.0181818181818
111	A	1	0.0181818181818
116	A	1	0.0181818181818
116	C	1	0.0181818181818
117	C	3	0.0545454545455
117	T	1	0.0181818181818
118	A	1	0.0181818181818
118	C	2	0.0363636363636
119	C	1	0.0181818181818
120	A	1	0.0181818181818
121	A	1	0.0181818181818
122	A	1	0.0181818181818
124	A	1	0.0181818181818
125	A	4	0.0727272727273
125	C	2	0.0363636363636
125	T	1	0.0181818181818
126	G	1	0.0181818181818
127	C	1	0.0181818181818
127	G	6	0.109090909091
127	T	1	0.0181818181818
130	C	1	0.0181818181818
131	A	2	0.0363636363636
132	T	6	0.109090909091
133	C	3	0.0545454545455
135	C	1	0.0181818181818
135	T	1	0.0181818181818
136	C	2	0.0363636363636
137	A	4	0.0727272727273
138	G	1	0.0181818181818
139	A	1	0.0181818181818
140	C	3	0.0545454545455
141	C	2	0.0363636363636
141	G	1	0.0181818181818
142	A	1	0.0181818181818
143	C	1	0.0181818181818
145	C	5	0.0909090909091
146	A	7	0.127272727273
146	C	12	0.218181818182
146	T	1	0.0181818181818
147	C	2	0.0363636363636
147	G	1	0.0181818181818
147	T	2	0.0363636363636
148	A	2	0.0363636363636
148	C	1	0.0181818181818
149	A	1	0.0181818181818
149	G	4	0.0727272727273
150	C	1	0.0181818181818
150	T	3	0.0545454545455
152	G	1	0.0181818181818
152	T	2	0.0363636363636
153	C	1	0.0181818181818
153	G	5	0.0909090909091
154	G	1	0.0181818181818
154	T	5	0.0909090909091
155	C	6	0.109090909091
156	A	1	0.0181818181818
156	G	1	0.0181818181818
156	T	1	0.0181818181818
157	A	1	0.0181818181818
157	G	1	0.0181818181818
157	T	8	0.145454545455
158	C	7	0.127272727273
158	G	1	0.0181818181818
159	A	9	0.163636363636
159	C	1	0.0181818181818
159	T	3	0.0545454545455
160	A	6	0.109090909091
160	C	4	0.0727272727273
161	C	1	0.0181818181818
162	A	2	0.0363636363636
162	T	1	0.0181818181818
163	C	1	0.0181818181818
163	G	1	0.0181818181818
164	A	2	0.0363636363636
165	A	1	0.0181818181818
165	C	1	0.0181818181818
166	A	1	0.0181818181818
166	T	3	0.0545454545455
167	A	7	0.127272727273
167	C	4	0.0727272727273
167	G	1	0.0181818181818
168	A	2	0.0363636363636
168	C	1	0.0181818181818
168	T	2	0.0363636363636
169	C	2	0.0363636363636
169	T	1	0.0181818181818
170	A	3	0.0545454545455
170	C	6	0.109090909091
170	G	5	0.0909090909091
171	C	2	0.0363636363636
171	G	3	0.0545454545455
172	G	2	0.0363636363636
172	T	7	0.127272727273
173	A	2	0.0363636363636
175	A	4	0.0727272727273
175	C	1	0.0181818181818
175	T	3	0.0545454545455
176	C	6	0.109090909091
179	A	1	0.0181818181818
179	T	17	0.309090909091
180	C	1	0.0181818181818
181	A	1	0.0181818181818
181	C	2	0.0363636363636
182	T	11	0.2
184	A	1	0.0181818181818
186	A	1	0.0181818181818
187	A	1	0.0181818181818
188	G	4	0.0727272727273
188	T	2	0.0363636363636
190	C	1	0.0181818181818
191	G	3	0.0545454545455
192	G	3	0.0545454545455
193	G	1	0.0181818181818
193	T	1	0.0181818181818
194	G	6	0.109090909091
196	C	1	0.0181818181818
198	T	1	0.0181818181818
199	C	1	0.0181818181818
199	G	2	0.0363636363636
200	A	2	0.0363636363636
200	C	2	0.0363636363636
200	T	2	0.0363636363636
203	A	1	0.0181818181818
204	C	2	0.0363636363636
204	T	2	0.0363636363636
206	G	1	0.0181818181818
207	C	5	0.0909090909091
207	T	2	0.0363636363636
209	G	2	0.0363636363636
210	G	1	0.0181818181818
212	C	3	0.0545454545455
212	G	1	0.0181818181818
212	T	1	0.0181818181818
213	A	2	0.0363636363636
214	T	11	0.2
215	G	1	0.0181818181818
216	A	1	0.0181818181818
216	C	1	0.0181818181818
216	T	1	0.0181818181818
217	C	2	0.0363636363636
219	G	1	0.0181818181818
220	C	1	0.0181818181818
220	G	16	0.290909090909
220	T	1	0.0181818181818
221	C	3	0.0545454545455
224	A	1	0.0181818181818
225	G	9	0.163636363636
226	C	5	0.0909090909091
226	G	4	0.0727272727273
227	A	2	0.0363636363636
227	T	1	0.0181818181818
228	C	1	0.0181818181818
228	G	7	0.127272727273
229	A	10	0.181818181818
229	C	11	0.2
230	G	2	0.0363636363636
230	T	8	0.145454545455
231	C	1	0.0181818181818
231	G	2	0.0363636363636
232	T	4	0.0727272727273
233	T	4	0.0727272727273
234	A	1	0.0181818181818
234	C	1	0.0181818181818
238	T	1	0.0181818181818
239	T	3	0.0545454545455
240	A	1	0.0181818181818
240	G	1	0.0181818181818
240	T	3	0.0545454545455
242	A	8	0.145454545455
242	C	3	0.0545454545455
242	T	7	0.127272727273
243	G	1	0.0181818181818
244	C	1	0.0181818181818
245	A	1	0.0181818181818
245	C	7	0.127272727273
245	T	1	0.0181818181818
247	T	8	0.145454545455
248	C	7	0.127272727273
249	C	1	0.0181818181818
249	G	2	0.0363636363636
250	A	9	0.163636363636
250	C	2	0.0363636363636
251	G	2	0.0363636363636
251	T	2	0.0363636363636
252	C	1	0.0181818181818
254	G	1	0.0181818181818
257	C	1	0.0181818181818
257	T	1	0.0181818181818
258	C	4	0.0727272727273
258	G	2	0.0363636363636
259	C	2	0.0363636363636
259	G	3	0.0545454545455
259	T	1	0.0181818181818
261	A	3	0.0545454545455
261	C	7	0.127272727273
262	A	1	0.0181818181818
269	A	1	0.0181818181818
271	G	3	0.0545454545455
271	T	1	0.0181818181818
272	T	1	0.0181818181818
274	A	1	0.0181818181818
274	G	1	0.0181818181818
276	G	9	0.163636363636
277	C	1	0.0181818181818
278	A	5	0.0909090909091
278	C	10	0.181818181818
278	T	2	0.0363636363636
281	C	1	0.0181818181818
283	C	1	0.0181818181818
283	T	6	0.109090909091
284	T	9	0.163636363636
287	C	2	0.0363636363636
288	A	1	0.0181818181818
288	T	1	0.0181818181818
289	G	1	0.0181818181818
289	T	3	0.0545454545455
290	A	1	0.0181818181818
290	C	1	0.0181818181818
