Position	Nucleotide	Multiplicity	Frequency
59	T	1	0.0166666666667
69	A	7	0.116666666667
70	A	1	0.0166666666667
71	C	6	0.1
72	A	1	0.0166666666667
73	T	1	0.0166666666667
74	C	1	0.0166666666667
76	C	1	0.0166666666667
77	C	1	0.0166666666667
77	G	1	0.0166666666667
77	T	1	0.0166666666667
78	A	1	0.0166666666667
79	T	1	0.0166666666667
80	T	2	0.0333333333333
81	C	1	0.0166666666667
82	A	1	0.0166666666667
82	G	7	0.116666666667
82	T	5	0.0833333333333
83	G	2	0.0333333333333
83	T	1	0.0166666666667
84	C	1	0.0166666666667
86	G	1	0.0166666666667
86	T	3	0.05
88	A	2	0.0333333333333
88	G	3	0.05
88	T	1	0.0166666666667
89	T	1	0.0166666666667
90	A	5	0.0833333333333
90	C	1	0.0166666666667
90	T	1	0.0166666666667
91	A	24	0.4
91	C	14	0.233333333333
92	G	1	0.0166666666667
92	T	3	0.05
93	A	4	0.0666666666667
93	C	3	0.05
93	G	2	0.0333333333333
94	C	7	0.116666666667
94	T	1	0.0166666666667
95	G	2	0.0333333333333
95	T	3	0.05
96	G	3	0.05
97	C	2	0.0333333333333
97	G	1	0.0166666666667
97	T	2	0.0333333333333
98	C	4	0.0666666666667
98	G	1	0.0166666666667
99	C	2	0.0333333333333
99	G	2	0.0333333333333
99	T	12	0.2
101	A	24	0.4
101	C	11	0.183333333333
101	T	1	0.0166666666667
102	A	1	0.0166666666667
102	T	3	0.05
103	C	1	0.0166666666667
103	G	1	0.0166666666667
103	T	1	0.0166666666667
104	A	1	0.0166666666667
104	G	1	0.0166666666667
104	T	8	0.133333333333
106	C	1	0.0166666666667
107	C	1	0.0166666666667
108	A	1	0.0166666666667
108	C	2	0.0333333333333
109	C	13	0.216666666667
110	A	1	0.0166666666667
110	T	3	0.05
113	G	8	0.133333333333
115	G	1	0.0166666666667
116	A	1	0.0166666666667
116	C	2	0.0333333333333
117	A	1	0.0166666666667
118	A	1	0.0166666666667
118	T	1	0.0166666666667
119	A	2	0.0333333333333
119	T	1	0.0166666666667
122	C	3	0.05
123	C	1	0.0166666666667
125	G	5	0.0833333333333
126	G	1	0.0166666666667
127	G	3	0.05
128	C	1	0.0166666666667
128	G	5	0.0833333333333
131	A	4	0.0666666666667
131	C	2	0.0333333333333
131	T	8	0.133333333333
133	C	5	0.0833333333333
134	A	1	0.0166666666667
134	C	1	0.0166666666667
136	C	1	0.0166666666667
136	T	1	0.0166666666667
139	A	1	0.0166666666667
139	T	1	0.0166666666667
140	C	2	0.0333333333333
141	C	12	0.2
141	G	6	0.1
141	T	1	0.0166666666667
142	C	1	0.0166666666667
142	G	1	0.0166666666667
143	A	1	0.0166666666667
145	C	4	0.0666666666667
146	C	1	0.0166666666667
146	G	3	0.05
148	C	2	0.0333333333333
148	T	1	0.0166666666667
149	C	4	0.0666666666667
150	C	4	0.0666666666667
151	A	2	0.0333333333333
153	G	1	0.0166666666667
155	G	1	0.0166666666667
155	T	2	0.0333333333333
156	A	3	0.05
156	G	1	0.0166666666667
156	T	1	0.0166666666667
157	T	3	0.05
158	A	1	0.0166666666667
158	C	10	0.166666666667
159	C	2	0.0333333333333
159	G	7	0.116666666667
159	T	1	0.0166666666667
160	C	1	0.0166666666667
160	G	2	0.0333333333333
161	A	9	0.15
161	G	2	0.0333333333333
161	T	12	0.2
162	C	1	0.0166666666667
162	G	3	0.05
163	A	15	0.25
163	C	4	0.0666666666667
163	T	1	0.0166666666667
165	A	1	0.0166666666667
165	C	1	0.0166666666667
165	T	1	0.0166666666667
166	A	3	0.05
167	A	1	0.0166666666667
168	A	1	0.0166666666667
168	C	1	0.0166666666667
168	T	1	0.0166666666667
169	A	13	0.216666666667
169	C	10	0.166666666667
169	T	7	0.116666666667
171	G	1	0.0166666666667
173	G	2	0.0333333333333
173	T	1	0.0166666666667
174	C	4	0.0666666666667
174	G	4	0.0666666666667
174	T	2	0.0333333333333
175	C	6	0.1
175	G	4	0.0666666666667
175	T	6	0.1
176	A	1	0.0166666666667
176	G	6	0.1
176	T	15	0.25
177	A	1	0.0166666666667
177	C	1	0.0166666666667
177	G	6	0.1
178	C	4	0.0666666666667
178	T	9	0.15
179	G	3	0.05
180	A	1	0.0166666666667
180	C	4	0.0666666666667
180	T	1	0.0166666666667
181	A	4	0.0666666666667
181	G	7	0.116666666667
182	C	3	0.05
182	G	2	0.0333333333333
182	T	1	0.0166666666667
184	G	2	0.0333333333333
185	A	2	0.0333333333333
185	C	2	0.0333333333333
187	G	6	0.1
188	A	10	0.166666666667
188	C	2	0.0333333333333
189	C	3	0.05
191	C	2	0.0333333333333
191	G	1	0.0166666666667
192	T	1	0.0166666666667
193	C	2	0.0333333333333
193	G	1	0.0166666666667
193	T	2	0.0333333333333
194	A	1	0.0166666666667
194	T	1	0.0166666666667
196	C	2	0.0333333333333
198	C	1	0.0166666666667
201	A	3	0.05
201	C	1	0.0166666666667
204	G	4	0.0666666666667
204	T	1	0.0166666666667
205	G	1	0.0166666666667
205	T	1	0.0166666666667
206	G	2	0.0333333333333
206	T	1	0.0166666666667
207	C	5	0.0833333333333
207	G	6	0.1
207	T	7	0.116666666667
209	T	4	0.0666666666667
210	C	1	0.0166666666667
210	G	1	0.0166666666667
210	T	1	0.0166666666667
211	G	1	0.0166666666667
212	G	1	0.0166666666667
213	C	8	0.133333333333
213	G	6	0.1
213	T	4	0.0666666666667
214	C	1	0.0166666666667
215	A	7	0.116666666667
215	C	1	0.0166666666667
215	T	1	0.0166666666667
216	C	1	0.0166666666667
216	T	1	0.0166666666667
217	C	1	0.0166666666667
217	T	1	0.0166666666667
218	A	1	0.0166666666667
220	G	2	0.0333333333333
221	C	2	0.0333333333333
222	A	5	0.0833333333333
222	C	1	0.0166666666667
222	G	1	0.0166666666667
223	A	1	0.0166666666667
224	T	1	0.0166666666667
226	C	3	0.05
226	G	1	0.0166666666667
227	G	2	0.0333333333333
227	T	2	0.0333333333333
228	C	2	0.0333333333333
229	A	6	0.1
229	C	7	0.116666666667
230	A	1	0.0166666666667
230	G	3	0.05
230	T	9	0.15
231	C	1	0.0166666666667
231	G	1	0.0166666666667
233	C	2	0.0333333333333
233	G	1	0.0166666666667
233	T	3	0.05
234	A	1	0.0166666666667
235	A	1	0.0166666666667
235	G	1	0.0166666666667
235	T	8	0.133333333333
236	T	4	0.0666666666667
237	C	1	0.0166666666667
238	C	4	0.0666666666667
238	G	1	0.0166666666667
238	T	2	0.0333333333333
239	A	1	0.0166666666667
239	T	4	0.0666666666667
240	C	1	0.0166666666667
240	T	4	0.0666666666667
243	C	1	0.0166666666667
243	T	1	0.0166666666667
244	C	2	0.0333333333333
244	G	2	0.0333333333333
245	A	13	0.216666666667
245	C	3	0.05
246	G	1	0.0166666666667
246	T	16	0.266666666667
249	C	1	0.0166666666667
250	A	5	0.0833333333333
250	C	6	0.1
251	G	1	0.0166666666667
251	T	5	0.0833333333333
252	G	2	0.0333333333333
252	T	1	0.0166666666667
253	A	1	0.0166666666667
254	A	8	0.133333333333
254	C	15	0.25
254	T	5	0.0833333333333
255	A	1	0.0166666666667
255	G	1	0.0166666666667
255	T	1	0.0166666666667
257	A	2	0.0333333333333
257	C	2	0.0333333333333
258	C	1	0.0166666666667
258	G	3	0.05
259	A	8	0.133333333333
259	C	23	0.383333333333
259	T	2	0.0333333333333
260	C	1	0.0166666666667
260	G	4	0.0666666666667
260	T	2	0.0333333333333
261	C	1	0.0166666666667
261	G	1	0.0166666666667
262	A	2	0.0333333333333
262	T	1	0.0166666666667
263	A	3	0.05
264	A	1	0.0166666666667
265	C	2	0.0333333333333
265	G	1	0.0166666666667
266	T	1	0.0166666666667
270	G	1	0.0166666666667
270	T	1	0.0166666666667
274	G	2	0.0333333333333
275	G	1	0.0166666666667
276	A	11	0.183333333333
276	C	2	0.0333333333333
278	A	11	0.183333333333
278	C	9	0.15
278	T	14	0.233333333333
279	G	1	0.0166666666667
280	T	7	0.116666666667
281	C	5	0.0833333333333
282	C	1	0.0166666666667
282	G	1	0.0166666666667
283	T	5	0.0833333333333
284	T	14	0.233333333333
285	A	1	0.0166666666667
285	G	1	0.0166666666667
287	C	2	0.0333333333333
287	G	2	0.0333333333333
288	C	1	0.0166666666667
288	T	1	0.0166666666667
289	G	1	0.0166666666667
289	T	6	0.1
290	A	1	0.0166666666667
290	C	1	0.0166666666667
