Position	Nucleotide	Multiplicity	Frequency
66	A	1	0.0714285714286
69	A	1	0.0714285714286
70	G	1	0.0714285714286
78	C	1	0.0714285714286
81	G	1	0.0714285714286
82	T	7	0.5
86	T	1	0.0714285714286
87	G	1	0.0714285714286
88	C	1	0.0714285714286
89	C	1	0.0714285714286
89	G	1	0.0714285714286
90	C	1	0.0714285714286
91	A	2	0.142857142857
91	C	1	0.0714285714286
92	G	1	0.0714285714286
93	C	1	0.0714285714286
94	T	2	0.142857142857
97	A	1	0.0714285714286
97	T	1	0.0714285714286
98	C	1	0.0714285714286
98	G	1	0.0714285714286
99	C	2	0.142857142857
101	A	1	0.0714285714286
102	A	1	0.0714285714286
103	C	1	0.0714285714286
103	G	1	0.0714285714286
104	T	1	0.0714285714286
105	C	1	0.0714285714286
107	T	1	0.0714285714286
108	C	1	0.0714285714286
109	C	6	0.428571428571
118	G	1	0.0714285714286
119	C	1	0.0714285714286
125	A	1	0.0714285714286
129	A	1	0.0714285714286
131	G	7	0.5
133	C	1	0.0714285714286
134	C	1	0.0714285714286
137	G	2	0.142857142857
139	C	1	0.0714285714286
139	G	1	0.0714285714286
140	G	1	0.0714285714286
141	A	1	0.0714285714286
143	C	1	0.0714285714286
143	G	1	0.0714285714286
144	G	2	0.142857142857
146	T	1	0.0714285714286
147	A	3	0.214285714286
148	G	2	0.142857142857
148	T	1	0.0714285714286
149	C	2	0.142857142857
152	C	1	0.0714285714286
153	G	1	0.0714285714286
154	A	3	0.214285714286
155	A	1	0.0714285714286
156	G	2	0.142857142857
157	A	2	0.142857142857
158	C	1	0.0714285714286
159	G	1	0.0714285714286
160	C	6	0.428571428571
161	C	1	0.0714285714286
164	A	6	0.428571428571
166	T	1	0.0714285714286
167	A	6	0.428571428571
167	C	1	0.0714285714286
168	C	1	0.0714285714286
168	G	1	0.0714285714286
169	A	1	0.0714285714286
169	C	1	0.0714285714286
170	G	1	0.0714285714286
171	G	3	0.214285714286
172	T	1	0.0714285714286
174	G	1	0.0714285714286
175	C	1	0.0714285714286
175	T	1	0.0714285714286
180	A	1	0.0714285714286
180	T	1	0.0714285714286
184	C	1	0.0714285714286
188	A	13	0.928571428571
196	A	1	0.0714285714286
198	C	1	0.0714285714286
200	C	1	0.0714285714286
205	G	1	0.0714285714286
205	T	1	0.0714285714286
206	A	1	0.0714285714286
206	T	1	0.0714285714286
207	G	3	0.214285714286
219	G	1	0.0714285714286
221	C	1	0.0714285714286
225	C	1	0.0714285714286
226	G	1	0.0714285714286
228	T	1	0.0714285714286
229	T	1	0.0714285714286
230	A	1	0.0714285714286
231	T	1	0.0714285714286
232	T	1	0.0714285714286
233	A	8	0.571428571429
233	C	1	0.0714285714286
233	T	2	0.142857142857
234	A	2	0.142857142857
234	T	1	0.0714285714286
238	T	2	0.142857142857
243	G	1	0.0714285714286
246	C	1	0.0714285714286
250	A	1	0.0714285714286
250	C	1	0.0714285714286
253	A	1	0.0714285714286
254	C	1	0.0714285714286
255	G	1	0.0714285714286
255	T	1	0.0714285714286
258	G	1	0.0714285714286
259	C	1	0.0714285714286
259	T	1	0.0714285714286
261	A	3	0.214285714286
261	C	7	0.5
262	G	1	0.0714285714286
262	T	1	0.0714285714286
263	A	1	0.0714285714286
263	C	1	0.0714285714286
266	A	1	0.0714285714286
275	C	1	0.0714285714286
276	T	2	0.142857142857
278	A	1	0.0714285714286
278	T	1	0.0714285714286
283	T	2	0.142857142857
284	T	8	0.571428571429
287	C	5	0.357142857143
288	C	1	0.0714285714286
289	C	7	0.5
289	G	1	0.0714285714286
290	C	5	0.357142857143
290	T	2	0.142857142857
