Position	Nucleotide	Multiplicity	Frequency
66	A	2	0.133333333333
68	T	1	0.0666666666667
77	C	1	0.0666666666667
78	G	1	0.0666666666667
81	T	1	0.0666666666667
82	A	1	0.0666666666667
83	G	1	0.0666666666667
83	T	1	0.0666666666667
87	G	1	0.0666666666667
88	A	1	0.0666666666667
89	C	1	0.0666666666667
89	G	1	0.0666666666667
90	C	1	0.0666666666667
90	G	1	0.0666666666667
91	A	2	0.133333333333
91	C	2	0.133333333333
91	T	2	0.133333333333
92	G	3	0.2
92	T	5	0.333333333333
95	T	1	0.0666666666667
96	G	3	0.2
97	T	2	0.133333333333
98	C	1	0.0666666666667
102	A	1	0.0666666666667
102	T	1	0.0666666666667
103	T	1	0.0666666666667
104	T	1	0.0666666666667
105	C	2	0.133333333333
109	C	1	0.0666666666667
113	G	1	0.0666666666667
116	G	1	0.0666666666667
117	C	2	0.133333333333
118	T	3	0.2
125	C	1	0.0666666666667
127	T	1	0.0666666666667
131	A	1	0.0666666666667
135	A	2	0.133333333333
135	C	1	0.0666666666667
136	A	3	0.2
137	T	1	0.0666666666667
139	T	1	0.0666666666667
141	A	1	0.0666666666667
141	C	1	0.0666666666667
144	C	1	0.0666666666667
144	G	1	0.0666666666667
146	T	1	0.0666666666667
147	A	1	0.0666666666667
148	A	1	0.0666666666667
149	G	2	0.133333333333
152	A	1	0.0666666666667
152	C	1	0.0666666666667
153	C	1	0.0666666666667
153	G	2	0.133333333333
154	G	1	0.0666666666667
154	T	1	0.0666666666667
155	A	3	0.2
155	C	1	0.0666666666667
155	G	1	0.0666666666667
156	C	4	0.266666666667
156	G	5	0.333333333333
156	T	1	0.0666666666667
157	A	6	0.4
157	C	1	0.0666666666667
157	T	3	0.2
158	A	2	0.133333333333
161	C	1	0.0666666666667
162	T	1	0.0666666666667
163	C	1	0.0666666666667
164	A	1	0.0666666666667
166	A	1	0.0666666666667
166	C	2	0.133333333333
167	G	2	0.133333333333
168	G	3	0.2
168	T	2	0.133333333333
169	A	2	0.133333333333
169	C	4	0.266666666667
169	T	1	0.0666666666667
170	G	2	0.133333333333
170	T	1	0.0666666666667
172	G	1	0.0666666666667
172	T	2	0.133333333333
173	C	1	0.0666666666667
174	G	1	0.0666666666667
174	T	1	0.0666666666667
175	A	6	0.4
175	C	3	0.2
176	T	3	0.2
179	T	1	0.0666666666667
185	G	1	0.0666666666667
185	T	1	0.0666666666667
187	T	1	0.0666666666667
193	G	1	0.0666666666667
195	A	1	0.0666666666667
197	G	1	0.0666666666667
200	C	1	0.0666666666667
200	G	1	0.0666666666667
201	G	1	0.0666666666667
207	G	3	0.2
211	A	1	0.0666666666667
214	A	1	0.0666666666667
215	G	1	0.0666666666667
225	G	2	0.133333333333
226	G	1	0.0666666666667
227	A	1	0.0666666666667
227	C	1	0.0666666666667
230	G	1	0.0666666666667
230	T	2	0.133333333333
231	T	1	0.0666666666667
232	A	1	0.0666666666667
233	A	1	0.0666666666667
233	C	1	0.0666666666667
234	G	2	0.133333333333
236	A	1	0.0666666666667
236	T	1	0.0666666666667
237	C	1	0.0666666666667
238	C	1	0.0666666666667
238	T	3	0.2
240	T	3	0.2
241	G	1	0.0666666666667
245	C	1	0.0666666666667
245	G	1	0.0666666666667
246	C	1	0.0666666666667
246	G	1	0.0666666666667
248	C	1	0.0666666666667
249	G	3	0.2
250	C	1	0.0666666666667
252	G	1	0.0666666666667
253	A	2	0.133333333333
254	G	1	0.0666666666667
259	T	1	0.0666666666667
260	G	1	0.0666666666667
261	A	2	0.133333333333
262	G	1	0.0666666666667
262	T	1	0.0666666666667
263	T	1	0.0666666666667
266	A	3	0.2
266	C	1	0.0666666666667
269	A	3	0.2
275	C	1	0.0666666666667
275	G	1	0.0666666666667
276	A	2	0.133333333333
276	T	2	0.133333333333
277	G	1	0.0666666666667
278	C	3	0.2
278	T	1	0.0666666666667
281	C	1	0.0666666666667
281	G	1	0.0666666666667
283	T	1	0.0666666666667
284	T	1	0.0666666666667
285	G	1	0.0666666666667
289	G	1	0.0666666666667
289	T	3	0.2
290	T	1	0.0666666666667
