Position	Nucleotide	Multiplicity	Frequency
46	A	11	0.478260869565
66	A	2	0.0869565217391
67	G	4	0.173913043478
67	T	1	0.0434782608696
68	A	2	0.0869565217391
68	C	1	0.0434782608696
69	A	2	0.0869565217391
71	G	1	0.0434782608696
71	T	3	0.130434782609
72	C	1	0.0434782608696
74	C	3	0.130434782609
74	G	1	0.0434782608696
77	C	2	0.0869565217391
79	A	6	0.260869565217
79	C	3	0.130434782609
79	T	1	0.0434782608696
81	C	1	0.0434782608696
81	G	3	0.130434782609
82	G	3	0.130434782609
84	C	1	0.0434782608696
84	T	1	0.0434782608696
86	A	1	0.0434782608696
86	G	1	0.0434782608696
86	T	1	0.0434782608696
87	G	2	0.0869565217391
87	T	1	0.0434782608696
88	A	5	0.217391304348
88	C	5	0.217391304348
89	A	1	0.0434782608696
89	C	2	0.0869565217391
89	G	1	0.0434782608696
89	T	4	0.173913043478
90	C	1	0.0434782608696
90	G	4	0.173913043478
91	A	4	0.173913043478
91	C	1	0.0434782608696
91	T	2	0.0869565217391
92	C	3	0.130434782609
93	A	1	0.0434782608696
93	C	2	0.0869565217391
93	G	4	0.173913043478
94	A	6	0.260869565217
94	C	1	0.0434782608696
94	T	1	0.0434782608696
95	A	2	0.0869565217391
95	T	2	0.0869565217391
96	C	1	0.0434782608696
96	G	1	0.0434782608696
96	T	1	0.0434782608696
97	C	3	0.130434782609
97	G	1	0.0434782608696
97	T	3	0.130434782609
98	A	2	0.0869565217391
98	G	3	0.130434782609
98	T	5	0.217391304348
99	G	1	0.0434782608696
103	A	2	0.0869565217391
103	C	2	0.0869565217391
104	T	4	0.173913043478
105	C	2	0.0869565217391
105	T	2	0.0869565217391
106	C	2	0.0869565217391
106	T	1	0.0434782608696
108	G	1	0.0434782608696
108	T	1	0.0434782608696
109	T	3	0.130434782609
110	T	2	0.0869565217391
113	C	2	0.0869565217391
113	T	1	0.0434782608696
115	T	2	0.0869565217391
117	A	2	0.0869565217391
117	T	4	0.173913043478
119	A	1	0.0434782608696
119	T	1	0.0434782608696
120	C	2	0.0869565217391
120	T	2	0.0869565217391
122	A	2	0.0869565217391
123	T	1	0.0434782608696
124	A	1	0.0434782608696
124	C	2	0.0869565217391
125	A	1	0.0434782608696
125	T	1	0.0434782608696
126	G	1	0.0434782608696
127	A	1	0.0434782608696
127	G	2	0.0869565217391
128	A	1	0.0434782608696
128	C	1	0.0434782608696
129	A	1	0.0434782608696
129	C	2	0.0869565217391
130	C	2	0.0869565217391
130	G	3	0.130434782609
130	T	1	0.0434782608696
133	C	1	0.0434782608696
134	C	3	0.130434782609
137	A	2	0.0869565217391
138	C	1	0.0434782608696
141	C	1	0.0434782608696
143	C	1	0.0434782608696
143	G	1	0.0434782608696
146	C	3	0.130434782609
146	T	2	0.0869565217391
147	A	1	0.0434782608696
147	T	2	0.0869565217391
148	A	3	0.130434782609
148	C	1	0.0434782608696
149	A	7	0.304347826087
149	C	2	0.0869565217391
150	G	2	0.0869565217391
151	C	1	0.0434782608696
152	A	1	0.0434782608696
152	G	3	0.130434782609
153	C	1	0.0434782608696
153	G	7	0.304347826087
153	T	1	0.0434782608696
154	C	3	0.130434782609
155	A	1	0.0434782608696
155	C	1	0.0434782608696
155	T	2	0.0869565217391
156	C	3	0.130434782609
156	G	3	0.130434782609
156	T	2	0.0869565217391
157	A	3	0.130434782609
157	C	1	0.0434782608696
157	G	2	0.0869565217391
158	G	1	0.0434782608696
158	T	3	0.130434782609
159	A	1	0.0434782608696
159	C	3	0.130434782609
159	T	4	0.173913043478
160	C	4	0.173913043478
160	T	3	0.130434782609
162	C	2	0.0869565217391
162	G	5	0.217391304348
162	T	1	0.0434782608696
163	A	2	0.0869565217391
163	C	1	0.0434782608696
163	T	3	0.130434782609
164	A	1	0.0434782608696
164	C	1	0.0434782608696
166	A	2	0.0869565217391
166	C	1	0.0434782608696
167	A	1	0.0434782608696
167	C	3	0.130434782609
167	G	1	0.0434782608696
168	C	3	0.130434782609
168	G	2	0.0869565217391
168	T	4	0.173913043478
169	A	5	0.217391304348
169	C	4	0.173913043478
169	T	2	0.0869565217391
170	A	1	0.0434782608696
170	T	2	0.0869565217391
171	C	1	0.0434782608696
171	T	2	0.0869565217391
173	G	3	0.130434782609
173	T	2	0.0869565217391
174	G	1	0.0434782608696
174	T	1	0.0434782608696
175	C	2	0.0869565217391
175	G	1	0.0434782608696
175	T	2	0.0869565217391
176	T	1	0.0434782608696
178	G	2	0.0869565217391
179	T	1	0.0434782608696
180	G	1	0.0434782608696
182	G	2	0.0869565217391
182	T	2	0.0869565217391
183	T	2	0.0869565217391
185	A	1	0.0434782608696
185	T	1	0.0434782608696
186	A	1	0.0434782608696
186	T	1	0.0434782608696
188	T	3	0.130434782609
189	C	2	0.0869565217391
190	G	2	0.0869565217391
190	T	2	0.0869565217391
191	A	2	0.0869565217391
192	C	1	0.0434782608696
192	G	5	0.217391304348
193	A	2	0.0869565217391
193	G	2	0.0869565217391
194	A	1	0.0434782608696
194	C	2	0.0869565217391
196	A	2	0.0869565217391
197	C	1	0.0434782608696
198	A	1	0.0434782608696
198	C	1	0.0434782608696
199	T	1	0.0434782608696
201	A	1	0.0434782608696
201	C	1	0.0434782608696
201	G	1	0.0434782608696
202	A	1	0.0434782608696
203	A	1	0.0434782608696
203	G	1	0.0434782608696
203	T	1	0.0434782608696
204	C	1	0.0434782608696
204	T	2	0.0869565217391
205	G	1	0.0434782608696
206	C	1	0.0434782608696
206	T	1	0.0434782608696
207	G	2	0.0869565217391
208	A	1	0.0434782608696
209	C	2	0.0869565217391
209	G	4	0.173913043478
209	T	4	0.173913043478
210	A	4	0.173913043478
210	C	1	0.0434782608696
211	G	1	0.0434782608696
212	G	5	0.217391304348
212	T	1	0.0434782608696
213	C	4	0.173913043478
215	G	4	0.173913043478
215	T	1	0.0434782608696
216	G	3	0.130434782609
217	G	1	0.0434782608696
217	T	2	0.0869565217391
218	A	1	0.0434782608696
218	T	2	0.0869565217391
219	G	1	0.0434782608696
220	G	1	0.0434782608696
221	A	1	0.0434782608696
223	G	1	0.0434782608696
224	G	2	0.0869565217391
224	T	3	0.130434782609
226	C	1	0.0434782608696
226	G	1	0.0434782608696
227	T	4	0.173913043478
228	G	3	0.130434782609
230	A	1	0.0434782608696
230	T	4	0.173913043478
231	G	3	0.130434782609
233	A	1	0.0434782608696
233	T	3	0.130434782609
234	G	1	0.0434782608696
238	T	1	0.0434782608696
239	A	1	0.0434782608696
239	T	1	0.0434782608696
240	T	1	0.0434782608696
241	C	1	0.0434782608696
241	G	3	0.130434782609
242	A	3	0.130434782609
242	C	3	0.130434782609
243	C	1	0.0434782608696
243	G	1	0.0434782608696
243	T	3	0.130434782609
244	C	1	0.0434782608696
244	G	1	0.0434782608696
245	C	2	0.0869565217391
245	T	1	0.0434782608696
246	A	1	0.0434782608696
246	G	1	0.0434782608696
246	T	2	0.0869565217391
247	A	4	0.173913043478
247	C	4	0.173913043478
248	G	1	0.0434782608696
248	T	3	0.130434782609
250	A	1	0.0434782608696
250	C	5	0.217391304348
250	T	1	0.0434782608696
251	A	1	0.0434782608696
251	T	3	0.130434782609
252	C	3	0.130434782609
254	G	1	0.0434782608696
254	T	2	0.0869565217391
255	G	1	0.0434782608696
256	T	2	0.0869565217391
257	T	1	0.0434782608696
259	A	1	0.0434782608696
259	T	1	0.0434782608696
260	T	1	0.0434782608696
266	C	1	0.0434782608696
269	A	1	0.0434782608696
273	A	2	0.0869565217391
275	A	2	0.0869565217391
275	C	5	0.217391304348
275	T	2	0.0869565217391
276	A	5	0.217391304348
278	A	3	0.130434782609
278	C	1	0.0434782608696
278	T	5	0.217391304348
280	T	1	0.0434782608696
281	T	1	0.0434782608696
283	T	1	0.0434782608696
284	T	3	0.130434782609
287	C	1	0.0434782608696
287	G	1	0.0434782608696
289	G	1	0.0434782608696
289	T	3	0.130434782609
290	A	1	0.0434782608696
290	C	1	0.0434782608696
