Position	Nucleotide	Multiplicity	Frequency
12	T	1	0.0526315789474
30	C	1	0.0526315789474
44	G	1	0.0526315789474
67	T	3	0.157894736842
70	G	2	0.105263157895
70	T	1	0.0526315789474
75	T	1	0.0526315789474
76	A	1	0.0526315789474
77	T	1	0.0526315789474
82	G	4	0.210526315789
83	T	1	0.0526315789474
86	A	1	0.0526315789474
87	C	1	0.0526315789474
87	G	2	0.105263157895
88	C	1	0.0526315789474
89	G	1	0.0526315789474
90	A	1	0.0526315789474
91	G	1	0.0526315789474
93	C	2	0.105263157895
94	T	1	0.0526315789474
95	T	2	0.105263157895
97	G	2	0.105263157895
97	T	1	0.0526315789474
98	G	2	0.105263157895
98	T	2	0.105263157895
99	T	1	0.0526315789474
102	G	3	0.157894736842
103	A	2	0.105263157895
103	C	5	0.263157894737
104	T	4	0.210526315789
108	G	3	0.157894736842
113	T	1	0.0526315789474
115	T	1	0.0526315789474
117	A	1	0.0526315789474
119	C	1	0.0526315789474
126	C	1	0.0526315789474
130	C	1	0.0526315789474
131	A	1	0.0526315789474
131	C	2	0.105263157895
133	C	1	0.0526315789474
134	A	1	0.0526315789474
137	A	1	0.0526315789474
140	T	1	0.0526315789474
141	A	5	0.263157894737
141	C	3	0.157894736842
143	A	1	0.0526315789474
144	G	2	0.105263157895
147	A	2	0.105263157895
147	C	2	0.105263157895
148	C	1	0.0526315789474
148	T	2	0.105263157895
152	A	1	0.0526315789474
152	C	4	0.210526315789
153	C	1	0.0526315789474
153	G	2	0.105263157895
154	A	1	0.0526315789474
154	C	2	0.105263157895
156	C	3	0.157894736842
156	G	5	0.263157894737
157	A	6	0.315789473684
157	C	5	0.263157894737
158	A	4	0.210526315789
158	C	1	0.0526315789474
158	G	2	0.105263157895
159	C	1	0.0526315789474
159	G	5	0.263157894737
160	A	2	0.105263157895
160	C	2	0.105263157895
161	A	1	0.0526315789474
161	C	2	0.105263157895
162	G	2	0.105263157895
163	A	1	0.0526315789474
163	C	1	0.0526315789474
164	A	2	0.105263157895
164	C	3	0.157894736842
165	C	2	0.105263157895
165	G	2	0.105263157895
165	T	2	0.105263157895
166	A	3	0.157894736842
166	C	4	0.210526315789
166	T	2	0.105263157895
167	C	3	0.157894736842
168	A	1	0.0526315789474
168	C	2	0.105263157895
168	G	2	0.105263157895
169	A	1	0.0526315789474
169	T	1	0.0526315789474
170	G	1	0.0526315789474
170	T	2	0.105263157895
171	T	1	0.0526315789474
172	A	2	0.105263157895
172	C	3	0.157894736842
172	G	1	0.0526315789474
172	T	1	0.0526315789474
173	C	2	0.105263157895
174	C	1	0.0526315789474
174	G	1	0.0526315789474
175	C	2	0.105263157895
176	G	2	0.105263157895
176	T	1	0.0526315789474
177	C	3	0.157894736842
178	C	1	0.0526315789474
179	A	1	0.0526315789474
179	T	1	0.0526315789474
180	C	1	0.0526315789474
181	A	1	0.0526315789474
184	C	2	0.105263157895
185	G	2	0.105263157895
187	A	1	0.0526315789474
189	T	1	0.0526315789474
191	T	1	0.0526315789474
193	T	1	0.0526315789474
194	A	1	0.0526315789474
200	G	1	0.0526315789474
201	C	1	0.0526315789474
203	T	2	0.105263157895
204	G	1	0.0526315789474
205	G	1	0.0526315789474
206	T	1	0.0526315789474
207	G	2	0.105263157895
208	A	1	0.0526315789474
208	C	1	0.0526315789474
208	G	1	0.0526315789474
209	T	1	0.0526315789474
210	C	1	0.0526315789474
210	G	1	0.0526315789474
211	A	1	0.0526315789474
215	G	1	0.0526315789474
219	C	1	0.0526315789474
219	G	2	0.105263157895
222	A	1	0.0526315789474
222	T	1	0.0526315789474
225	C	2	0.105263157895
226	G	1	0.0526315789474
229	G	1	0.0526315789474
230	A	2	0.105263157895
230	G	2	0.105263157895
230	T	1	0.0526315789474
231	G	3	0.157894736842
232	A	1	0.0526315789474
233	G	1	0.0526315789474
233	T	2	0.105263157895
234	G	2	0.105263157895
234	T	2	0.105263157895
236	A	3	0.157894736842
236	T	1	0.0526315789474
237	G	1	0.0526315789474
238	C	1	0.0526315789474
238	T	3	0.157894736842
245	C	1	0.0526315789474
245	G	2	0.105263157895
246	G	1	0.0526315789474
247	G	1	0.0526315789474
249	G	1	0.0526315789474
250	C	1	0.0526315789474
250	G	2	0.105263157895
251	T	1	0.0526315789474
252	G	2	0.105263157895
253	A	3	0.157894736842
253	C	1	0.0526315789474
254	T	3	0.157894736842
255	T	2	0.105263157895
257	C	1	0.0526315789474
259	A	2	0.105263157895
260	C	2	0.105263157895
260	G	1	0.0526315789474
261	A	1	0.0526315789474
261	C	1	0.0526315789474
261	T	1	0.0526315789474
262	G	1	0.0526315789474
262	T	3	0.157894736842
265	G	1	0.0526315789474
266	A	3	0.157894736842
266	C	3	0.157894736842
270	G	1	0.0526315789474
275	T	3	0.157894736842
276	A	3	0.157894736842
276	C	1	0.0526315789474
278	A	3	0.157894736842
278	C	2	0.105263157895
278	T	2	0.105263157895
279	G	1	0.0526315789474
281	C	1	0.0526315789474
283	G	1	0.0526315789474
283	T	1	0.0526315789474
287	G	1	0.0526315789474
289	G	1	0.0526315789474
289	T	1	0.0526315789474
290	A	2	0.105263157895
