Position	Nucleotide	Multiplicity	Frequency
66	A	4	0.133333333333
66	T	1	0.0333333333333
67	T	1	0.0333333333333
68	G	1	0.0333333333333
69	C	1	0.0333333333333
70	T	1	0.0333333333333
71	A	1	0.0333333333333
75	A	1	0.0333333333333
76	A	1	0.0333333333333
77	A	6	0.2
77	C	1	0.0333333333333
79	A	1	0.0333333333333
80	G	1	0.0333333333333
81	G	1	0.0333333333333
82	G	3	0.1
83	T	1	0.0333333333333
84	T	1	0.0333333333333
86	T	1	0.0333333333333
87	G	6	0.2
88	A	3	0.1
89	A	4	0.133333333333
89	C	2	0.0666666666667
90	C	2	0.0666666666667
90	G	1	0.0333333333333
90	T	1	0.0333333333333
91	A	25	0.833333333333
91	C	1	0.0333333333333
91	T	1	0.0333333333333
92	G	1	0.0333333333333
92	T	3	0.1
93	T	1	0.0333333333333
95	T	3	0.1
96	A	1	0.0333333333333
97	T	5	0.166666666667
98	T	2	0.0666666666667
99	G	1	0.0333333333333
101	A	4	0.133333333333
103	A	5	0.166666666667
103	C	5	0.166666666667
104	G	1	0.0333333333333
104	T	2	0.0666666666667
105	C	1	0.0333333333333
108	C	2	0.0666666666667
109	C	1	0.0333333333333
113	T	2	0.0666666666667
117	A	1	0.0333333333333
117	G	1	0.0333333333333
118	G	1	0.0333333333333
123	A	1	0.0333333333333
124	C	1	0.0333333333333
125	A	3	0.1
125	T	2	0.0666666666667
126	G	1	0.0333333333333
127	G	1	0.0333333333333
131	A	3	0.1
131	C	2	0.0666666666667
131	T	1	0.0333333333333
136	C	1	0.0333333333333
136	T	1	0.0333333333333
137	A	3	0.1
143	G	1	0.0333333333333
143	T	2	0.0666666666667
144	G	1	0.0333333333333
146	C	2	0.0666666666667
147	A	3	0.1
147	C	7	0.233333333333
147	T	1	0.0333333333333
148	C	1	0.0333333333333
149	C	4	0.133333333333
150	C	2	0.0666666666667
150	T	2	0.0666666666667
152	C	1	0.0333333333333
152	G	1	0.0333333333333
154	C	2	0.0666666666667
154	T	1	0.0333333333333
155	C	2	0.0666666666667
156	G	2	0.0666666666667
157	A	1	0.0333333333333
157	C	2	0.0666666666667
158	A	1	0.0333333333333
158	G	1	0.0333333333333
158	T	14	0.466666666667
159	A	3	0.1
159	C	1	0.0333333333333
163	A	1	0.0333333333333
164	A	2	0.0666666666667
164	C	3	0.1
164	G	1	0.0333333333333
165	G	8	0.266666666667
166	A	11	0.366666666667
166	C	5	0.166666666667
167	A	2	0.0666666666667
167	G	1	0.0333333333333
167	T	12	0.4
169	T	2	0.0666666666667
170	G	1	0.0333333333333
171	C	2	0.0666666666667
171	G	4	0.133333333333
172	C	4	0.133333333333
172	G	1	0.0333333333333
172	T	10	0.333333333333
173	G	1	0.0333333333333
173	T	3	0.1
176	T	1	0.0333333333333
177	A	2	0.0666666666667
179	C	2	0.0666666666667
180	A	1	0.0333333333333
180	T	1	0.0333333333333
181	C	1	0.0333333333333
181	G	1	0.0333333333333
182	G	6	0.2
183	A	1	0.0333333333333
184	A	1	0.0333333333333
185	C	1	0.0333333333333
185	T	3	0.1
187	C	1	0.0333333333333
190	G	1	0.0333333333333
191	A	1	0.0333333333333
197	C	1	0.0333333333333
198	A	1	0.0333333333333
201	C	1	0.0333333333333
206	G	1	0.0333333333333
207	C	1	0.0333333333333
212	C	1	0.0333333333333
213	T	1	0.0333333333333
216	G	1	0.0333333333333
216	T	1	0.0333333333333
217	G	12	0.4
217	T	2	0.0666666666667
218	C	5	0.166666666667
219	C	1	0.0333333333333
222	C	6	0.2
222	G	1	0.0333333333333
223	C	1	0.0333333333333
223	G	4	0.133333333333
229	A	1	0.0333333333333
229	T	1	0.0333333333333
230	A	6	0.2
230	C	2	0.0666666666667
231	G	7	0.233333333333
231	T	2	0.0666666666667
233	A	2	0.0666666666667
233	T	1	0.0333333333333
234	C	1	0.0333333333333
234	G	1	0.0333333333333
235	T	3	0.1
236	C	1	0.0333333333333
239	C	2	0.0666666666667
242	G	1	0.0333333333333
242	T	1	0.0333333333333
246	G	8	0.266666666667
247	G	1	0.0333333333333
248	A	1	0.0333333333333
248	T	1	0.0333333333333
250	A	1	0.0333333333333
250	C	1	0.0333333333333
251	T	3	0.1
252	T	1	0.0333333333333
254	A	2	0.0666666666667
254	C	1	0.0333333333333
257	G	2	0.0666666666667
258	A	1	0.0333333333333
259	A	1	0.0333333333333
259	G	1	0.0333333333333
259	T	1	0.0333333333333
263	A	9	0.3
263	C	2	0.0666666666667
269	T	1	0.0333333333333
271	G	1	0.0333333333333
273	A	7	0.233333333333
273	C	1	0.0333333333333
275	A	8	0.266666666667
275	C	5	0.166666666667
275	T	2	0.0666666666667
276	A	1	0.0333333333333
279	C	1	0.0333333333333
281	T	6	0.2
284	C	5	0.166666666667
285	A	2	0.0666666666667
287	A	1	0.0333333333333
