Position	Nucleotide	Multiplicity	Frequency
27	A	1	0.0117647058824
28	C	83	0.976470588235
38	C	1	0.0117647058824
43	A	57	0.670588235294
45	C	1	0.0117647058824
50	A	4	0.0470588235294
56	A	2	0.0235294117647
57	T	1	0.0117647058824
59	T	1	0.0117647058824
67	G	1	0.0117647058824
69	T	1	0.0117647058824
74	C	1	0.0117647058824
77	A	3	0.0352941176471
77	C	1	0.0117647058824
80	T	2	0.0235294117647
87	C	1	0.0117647058824
87	G	13	0.152941176471
88	A	4	0.0470588235294
88	C	37	0.435294117647
91	C	1	0.0117647058824
92	C	10	0.117647058824
93	A	72	0.847058823529
93	C	2	0.0235294117647
94	A	1	0.0117647058824
94	T	83	0.976470588235
95	G	1	0.0117647058824
96	C	2	0.0235294117647
96	G	1	0.0117647058824
97	T	83	0.976470588235
98	C	6	0.0705882352941
98	T	2	0.0235294117647
99	C	1	0.0117647058824
101	A	1	0.0117647058824
102	A	7	0.0823529411765
112	A	1	0.0117647058824
114	C	1	0.0117647058824
114	T	9	0.105882352941
116	T	3	0.0352941176471
119	G	10	0.117647058824
121	C	1	0.0117647058824
121	G	1	0.0117647058824
132	T	1	0.0117647058824
143	A	3	0.0352941176471
148	C	2	0.0235294117647
151	G	5	0.0588235294118
152	C	1	0.0117647058824
153	A	10	0.117647058824
157	G	3	0.0352941176471
160	A	24	0.282352941176
160	C	4	0.0470588235294
162	C	7	0.0823529411765
166	C	4	0.0470588235294
167	A	3	0.0352941176471
167	C	39	0.458823529412
169	G	2	0.0235294117647
171	A	21	0.247058823529
174	G	24	0.282352941176
175	C	1	0.0117647058824
175	G	15	0.176470588235
176	G	2	0.0235294117647
177	G	1	0.0117647058824
178	T	1	0.0117647058824
180	C	2	0.0235294117647
181	G	1	0.0117647058824
183	G	11	0.129411764706
184	A	10	0.117647058824
184	C	6	0.0705882352941
185	A	1	0.0117647058824
185	G	1	0.0117647058824
185	T	12	0.141176470588
186	G	1	0.0117647058824
186	T	11	0.129411764706
189	A	1	0.0117647058824
195	G	9	0.105882352941
196	G	11	0.129411764706
198	C	1	0.0117647058824
198	G	10	0.117647058824
199	A	3	0.0352941176471
199	C	34	0.4
200	G	6	0.0705882352941
200	T	1	0.0117647058824
201	C	1	0.0117647058824
203	A	23	0.270588235294
203	C	1	0.0117647058824
206	A	3	0.0352941176471
207	G	23	0.270588235294
208	G	54	0.635294117647
209	T	3	0.0352941176471
210	C	2	0.0235294117647
212	T	4	0.0470588235294
213	C	1	0.0117647058824
216	G	1	0.0117647058824
217	G	22	0.258823529412
217	T	1	0.0117647058824
218	T	1	0.0117647058824
219	T	1	0.0117647058824
221	A	1	0.0117647058824
222	C	1	0.0117647058824
222	G	3	0.0352941176471
222	T	4	0.0470588235294
223	A	1	0.0117647058824
225	G	24	0.282352941176
226	T	1	0.0117647058824
228	C	1	0.0117647058824
230	G	8	0.0941176470588
231	G	13	0.152941176471
233	T	57	0.670588235294
236	A	4	0.0470588235294
237	T	1	0.0117647058824
239	A	2	0.0235294117647
239	C	4	0.0470588235294
240	A	3	0.0352941176471
241	C	1	0.0117647058824
245	G	57	0.670588235294
247	G	4	0.0470588235294
247	T	1	0.0117647058824
248	G	1	0.0117647058824
249	C	1	0.0117647058824
249	G	8	0.0941176470588
249	T	1	0.0117647058824
251	A	1	0.0117647058824
252	C	1	0.0117647058824
252	G	10	0.117647058824
253	G	7	0.0823529411765
254	A	2	0.0235294117647
254	T	4	0.0470588235294
255	G	7	0.0823529411765
256	G	2	0.0235294117647
258	C	1	0.0117647058824
258	G	16	0.188235294118
258	T	4	0.0470588235294
260	T	1	0.0117647058824
261	A	1	0.0117647058824
262	C	5	0.0588235294118
264	G	1	0.0117647058824
267	C	6	0.0705882352941
268	C	2	0.0235294117647
269	A	3	0.0352941176471
273	G	7	0.0823529411765
277	G	1	0.0117647058824
284	C	1	0.0117647058824
287	T	14	0.164705882353
289	T	1	0.0117647058824
290	A	1	0.0117647058824
292	T	10	0.117647058824
293	C	1	0.0117647058824
293	T	1	0.0117647058824
