Position	Nucleotide	Multiplicity	Frequency
69	A	1	0.0909090909091
79	T	1	0.0909090909091
85	C	10	0.909090909091
88	A	11	1.0
91	A	10	0.909090909091
102	G	1	0.0909090909091
103	A	10	0.909090909091
108	A	1	0.0909090909091
149	A	5	0.454545454545
156	G	1	0.0909090909091
157	G	1	0.0909090909091
161	T	5	0.454545454545
165	A	10	0.909090909091
167	G	1	0.0909090909091
171	A	1	0.0909090909091
171	C	10	0.909090909091
176	T	5	0.454545454545
183	G	1	0.0909090909091
184	C	1	0.0909090909091
196	A	10	0.909090909091
197	T	1	0.0909090909091
202	C	1	0.0909090909091
206	C	5	0.454545454545
221	G	5	0.454545454545
221	T	1	0.0909090909091
229	C	1	0.0909090909091
234	A	10	0.909090909091
244	C	10	0.909090909091
245	A	1	0.0909090909091
245	T	5	0.454545454545
257	A	1	0.0909090909091
259	C	6	0.545454545455
260	C	5	0.454545454545
260	G	5	0.454545454545
263	A	1	0.0909090909091
278	C	10	0.909090909091
