Position	Nucleotide	Multiplicity	Frequency
70	G	1	0.0526315789474
71	C	17	0.894736842105
78	C	13	0.684210526316
79	T	1	0.0526315789474
82	G	4	0.210526315789
82	T	1	0.0526315789474
87	C	13	0.684210526316
88	G	13	0.684210526316
88	T	4	0.210526315789
91	A	1	0.0526315789474
98	C	4	0.210526315789
99	C	4	0.210526315789
101	A	5	0.263157894737
101	T	13	0.684210526316
113	C	13	0.684210526316
122	G	10	0.526315789474
132	T	4	0.210526315789
146	C	9	0.473684210526
161	T	1	0.0526315789474
163	A	1	0.0526315789474
163	C	5	0.263157894737
169	T	1	0.0526315789474
174	G	5	0.263157894737
176	T	6	0.315789473684
177	C	10	0.526315789474
181	T	1	0.0526315789474
187	G	1	0.0526315789474
188	C	1	0.0526315789474
196	A	5	0.263157894737
198	C	1	0.0526315789474
200	A	12	0.631578947368
201	C	11	0.578947368421
205	A	5	0.263157894737
206	G	5	0.263157894737
207	C	11	0.578947368421
214	C	13	0.684210526316
218	G	12	0.631578947368
220	T	1	0.0526315789474
225	C	5	0.263157894737
226	C	1	0.0526315789474
229	A	11	0.578947368421
229	C	7	0.368421052632
230	G	1	0.0526315789474
232	T	1	0.0526315789474
236	T	1	0.0526315789474
239	T	12	0.631578947368
245	A	5	0.263157894737
246	A	1	0.0526315789474
246	T	5	0.263157894737
250	A	11	0.578947368421
254	C	5	0.263157894737
259	C	10	0.526315789474
261	C	5	0.263157894737
269	T	5	0.263157894737
270	G	5	0.263157894737
271	G	5	0.263157894737
276	A	12	0.631578947368
278	C	1	0.0526315789474
283	T	5	0.263157894737
284	T	12	0.631578947368
