Position	Nucleotide	Multiplicity	Frequency
79	C	12	0.705882352941
86	T	12	0.705882352941
89	A	1	0.0588235294118
93	C	1	0.0588235294118
103	A	12	0.705882352941
108	C	12	0.705882352941
117	T	1	0.0588235294118
127	G	12	0.705882352941
131	G	1	0.0588235294118
141	C	12	0.705882352941
146	A	16	0.941176470588
147	C	13	0.764705882353
149	C	1	0.0588235294118
154	T	12	0.705882352941
156	C	1	0.0588235294118
159	G	1	0.0588235294118
160	A	13	0.764705882353
161	C	12	0.705882352941
165	T	1	0.0588235294118
166	A	12	0.705882352941
166	T	1	0.0588235294118
171	G	1	0.0588235294118
172	G	4	0.235294117647
173	T	12	0.705882352941
179	T	5	0.294117647059
189	G	4	0.235294117647
199	C	12	0.705882352941
202	A	1	0.0588235294118
206	C	12	0.705882352941
208	T	1	0.0588235294118
209	G	1	0.0588235294118
210	C	13	0.764705882353
215	A	1	0.0588235294118
227	G	12	0.705882352941
228	A	1	0.0588235294118
229	C	1	0.0588235294118
231	G	1	0.0588235294118
233	T	12	0.705882352941
234	A	1	0.0588235294118
240	C	4	0.235294117647
242	A	12	0.705882352941
242	C	1	0.0588235294118
247	C	12	0.705882352941
248	A	1	0.0588235294118
248	G	4	0.235294117647
249	A	1	0.0588235294118
252	T	1	0.0588235294118
258	A	12	0.705882352941
261	T	1	0.0588235294118
263	C	4	0.235294117647
274	G	1	0.0588235294118
275	C	12	0.705882352941
287	A	12	0.705882352941
