Position	Nucleotide	Multiplicity	Frequency
10	G	3	0.00390625
10	T	20	0.0260416666667
12	G	19	0.0247395833333
13	G	11	0.0143229166667
13	T	9	0.01171875
14	A	74	0.0963541666667
14	C	2	0.00260416666667
14	G	21	0.02734375
14	T	15	0.01953125
15	A	1	0.00130208333333
15	G	251	0.326822916667
15	T	22	0.0286458333333
16	A	4	0.00520833333333
16	G	6	0.0078125
16	T	31	0.0403645833333
22	T	3	0.00390625
24	C	17	0.0221354166667
24	G	150	0.1953125
25	G	90	0.1171875
28	C	6	0.0078125
28	G	6	0.0078125
28	T	1	0.00130208333333
29	G	8	0.0104166666667
29	T	3	0.00390625
