Position	Nucleotide	Multiplicity	Frequency
45	G	1	0.03125
62	A	1	0.03125
67	A	2	0.0625
67	T	1	0.03125
68	G	1	0.03125
70	T	1	0.03125
71	C	1	0.03125
74	A	1	0.03125
77	C	9	0.28125
77	G	2	0.0625
78	A	1	0.03125
80	T	1	0.03125
81	T	1	0.03125
82	T	1	0.03125
83	G	1	0.03125
83	T	1	0.03125
86	T	1	0.03125
87	C	2	0.0625
88	A	15	0.46875
89	C	3	0.09375
89	G	1	0.03125
91	A	2	0.0625
91	C	14	0.4375
92	G	1	0.03125
92	T	15	0.46875
93	G	1	0.03125
94	C	2	0.0625
96	T	1	0.03125
97	G	1	0.03125
98	G	1	0.03125
99	T	2	0.0625
101	T	2	0.0625
102	G	1	0.03125
103	G	1	0.03125
108	A	1	0.03125
127	G	2	0.0625
131	A	1	0.03125
134	A	2	0.0625
136	G	1	0.03125
137	C	1	0.03125
141	A	1	0.03125
144	A	15	0.46875
146	C	9	0.28125
146	G	1	0.03125
146	T	1	0.03125
147	A	1	0.03125
147	C	11	0.34375
147	T	3	0.09375
149	C	2	0.0625
150	G	8	0.25
151	A	1	0.03125
152	C	1	0.03125
153	A	1	0.03125
153	C	1	0.03125
154	C	1	0.03125
154	G	1	0.03125
155	C	2	0.0625
155	G	1	0.03125
155	T	1	0.03125
157	C	1	0.03125
157	T	1	0.03125
159	A	1	0.03125
160	G	11	0.34375
161	C	14	0.4375
164	C	5	0.15625
164	G	1	0.03125
165	G	1	0.03125
166	A	12	0.375
166	C	2	0.0625
167	A	1	0.03125
167	G	1	0.03125
168	G	25	0.78125
169	C	2	0.0625
170	C	1	0.03125
171	G	10	0.3125
171	T	1	0.03125
173	G	4	0.125
174	A	1	0.03125
176	T	10	0.3125
177	A	1	0.03125
177	C	3	0.09375
178	T	1	0.03125
179	C	12	0.375
179	T	12	0.375
180	C	1	0.03125
180	T	3	0.09375
181	G	1	0.03125
182	C	1	0.03125
185	G	1	0.03125
185	T	1	0.03125
186	C	2	0.0625
188	T	1	0.03125
192	G	1	0.03125
193	G	1	0.03125
200	C	16	0.5
204	T	1	0.03125
205	G	1	0.03125
205	T	1	0.03125
207	G	12	0.375
219	T	1	0.03125
220	T	1	0.03125
221	G	1	0.03125
223	A	1	0.03125
229	G	8	0.25
233	C	24	0.75
233	T	2	0.0625
234	G	2	0.0625
234	T	1	0.03125
236	A	1	0.03125
237	A	15	0.46875
238	C	9	0.28125
240	T	2	0.0625
242	A	2	0.0625
242	C	2	0.0625
246	C	2	0.0625
248	C	3	0.09375
251	T	2	0.0625
252	G	2	0.0625
254	A	1	0.03125
255	G	1	0.03125
256	C	1	0.03125
259	C	1	0.03125
260	G	1	0.03125
261	A	1	0.03125
261	C	28	0.875
261	T	1	0.03125
262	A	1	0.03125
262	G	2	0.0625
262	T	11	0.34375
264	T	1	0.03125
266	A	1	0.03125
266	C	3	0.09375
269	A	1	0.03125
270	G	1	0.03125
274	G	1	0.03125
275	C	1	0.03125
276	A	9	0.28125
277	C	1	0.03125
278	A	10	0.3125
278	C	17	0.53125
278	T	1	0.03125
280	T	3	0.09375
288	A	3	0.09375
288	C	1	0.03125
290	A	1	0.03125
