Position	Nucleotide	Multiplicity	Frequency
67	T	2	0.0645161290323
68	G	2	0.0645161290323
77	G	1	0.0322580645161
80	T	2	0.0645161290323
82	G	3	0.0967741935484
82	T	2	0.0645161290323
83	G	1	0.0322580645161
83	T	1	0.0322580645161
88	C	1	0.0322580645161
88	T	3	0.0967741935484
90	G	6	0.193548387097
90	T	3	0.0967741935484
91	A	6	0.193548387097
91	C	9	0.290322580645
92	T	8	0.258064516129
94	C	3	0.0967741935484
94	T	16	0.516129032258
96	C	2	0.0645161290323
96	G	3	0.0967741935484
97	C	28	0.903225806452
104	T	2	0.0645161290323
108	C	3	0.0967741935484
121	T	1	0.0322580645161
124	C	2	0.0645161290323
125	C	1	0.0322580645161
137	A	1	0.0322580645161
143	T	1	0.0322580645161
144	G	1	0.0322580645161
147	G	2	0.0645161290323
149	G	1	0.0322580645161
153	T	4	0.129032258065
154	C	7	0.225806451613
155	A	1	0.0322580645161
155	C	23	0.741935483871
156	G	4	0.129032258065
157	C	3	0.0967741935484
158	C	2	0.0645161290323
159	C	1	0.0322580645161
159	G	3	0.0967741935484
159	T	1	0.0322580645161
160	A	2	0.0645161290323
160	C	1	0.0322580645161
161	A	3	0.0967741935484
162	G	27	0.870967741935
163	C	6	0.193548387097
164	G	3	0.0967741935484
165	C	2	0.0645161290323
165	G	3	0.0967741935484
166	A	2	0.0645161290323
166	C	24	0.774193548387
167	A	2	0.0645161290323
169	C	2	0.0645161290323
170	T	1	0.0322580645161
171	G	1	0.0322580645161
172	A	1	0.0322580645161
173	G	2	0.0645161290323
174	C	26	0.838709677419
175	C	1	0.0322580645161
176	T	1	0.0322580645161
177	A	19	0.612903225806
177	C	2	0.0645161290323
178	T	2	0.0645161290323
179	T	4	0.129032258065
180	T	1	0.0322580645161
181	G	1	0.0322580645161
182	T	2	0.0645161290323
188	C	1	0.0322580645161
189	A	1	0.0322580645161
189	C	3	0.0967741935484
189	T	1	0.0322580645161
190	C	1	0.0322580645161
191	A	1	0.0322580645161
204	G	2	0.0645161290323
205	G	1	0.0322580645161
205	T	6	0.193548387097
207	G	2	0.0645161290323
213	C	1	0.0322580645161
223	G	2	0.0645161290323
225	G	3	0.0967741935484
226	G	2	0.0645161290323
227	C	2	0.0645161290323
229	G	2	0.0645161290323
230	T	1	0.0322580645161
233	C	2	0.0645161290323
233	T	3	0.0967741935484
234	G	1	0.0322580645161
236	A	2	0.0645161290323
238	T	4	0.129032258065
239	C	2	0.0645161290323
240	T	7	0.225806451613
241	C	1	0.0322580645161
242	A	1	0.0322580645161
245	G	2	0.0645161290323
248	T	1	0.0322580645161
249	G	1	0.0322580645161
250	G	2	0.0645161290323
252	C	4	0.129032258065
259	C	3	0.0967741935484
260	C	1	0.0322580645161
260	G	1	0.0322580645161
261	C	1	0.0322580645161
262	A	2	0.0645161290323
262	T	22	0.709677419355
263	G	1	0.0322580645161
266	C	2	0.0645161290323
269	T	1	0.0322580645161
276	A	12	0.387096774194
276	T	2	0.0645161290323
278	A	11	0.354838709677
278	C	2	0.0645161290323
278	T	1	0.0322580645161
283	T	2	0.0645161290323
284	T	27	0.870967741935
288	A	2	0.0645161290323
289	T	2	0.0645161290323
