Position	Nucleotide	Multiplicity	Frequency
47	A	1	0.00131578947368
48	C	1	0.00131578947368
50	T	1	0.00131578947368
51	T	2	0.00263157894737
57	A	1	0.00131578947368
62	A	1	0.00131578947368
65	C	1	0.00131578947368
66	A	16	0.0210526315789
66	T	2	0.00263157894737
67	A	31	0.0407894736842
67	T	96	0.126315789474
68	G	29	0.0381578947368
68	T	1	0.00131578947368
70	G	6	0.00789473684211
70	T	9	0.0118421052632
71	A	3	0.00394736842105
71	T	5	0.00657894736842
72	A	7	0.00921052631579
72	C	2	0.00263157894737
73	T	19	0.025
74	A	1	0.00131578947368
74	C	3	0.00394736842105
74	G	13	0.0171052631579
75	A	1	0.00131578947368
76	A	8	0.0105263157895
77	C	22	0.0289473684211
78	A	3	0.00394736842105
78	G	1	0.00131578947368
80	T	22	0.0289473684211
81	T	61	0.0802631578947
82	A	297	0.390789473684
82	G	191	0.251315789474
82	T	3	0.00394736842105
83	A	1	0.00131578947368
83	G	22	0.0289473684211
83	T	304	0.4
84	A	1	0.00131578947368
86	C	6	0.00789473684211
86	G	3	0.00394736842105
87	C	248	0.326315789474
87	G	17	0.0223684210526
87	T	4	0.00526315789474
88	A	8	0.0105263157895
89	A	371	0.488157894737
89	C	28	0.0368421052632
89	G	134	0.176315789474
90	G	3	0.00394736842105
90	T	9	0.0118421052632
91	A	56	0.0736842105263
91	C	8	0.0105263157895
92	G	1	0.00131578947368
92	T	650	0.855263157895
93	G	1	0.00131578947368
94	T	2	0.00263157894737
95	C	15	0.0197368421053
95	G	1	0.00131578947368
97	A	1	0.00131578947368
97	T	1	0.00131578947368
98	A	1	0.00131578947368
99	G	1	0.00131578947368
100	A	1	0.00131578947368
100	C	1	0.00131578947368
102	G	145	0.190789473684
102	T	1	0.00131578947368
103	A	1	0.00131578947368
103	C	302	0.397368421053
104	G	28	0.0368421052632
104	T	285	0.375
105	C	1	0.00131578947368
106	C	1	0.00131578947368
108	A	1	0.00131578947368
108	C	2	0.00263157894737
109	C	1	0.00131578947368
110	A	1	0.00131578947368
110	G	1	0.00131578947368
111	A	1	0.00131578947368
111	T	2	0.00263157894737
113	T	4	0.00526315789474
114	T	1	0.00131578947368
116	C	1	0.00131578947368
117	A	1	0.00131578947368
117	C	17	0.0223684210526
118	G	1	0.00131578947368
118	T	10	0.0131578947368
119	C	5	0.00657894736842
119	G	3	0.00394736842105
120	A	2	0.00263157894737
122	C	5	0.00657894736842
122	G	5	0.00657894736842
124	A	2	0.00263157894737
125	A	9	0.0118421052632
125	T	3	0.00394736842105
127	C	1	0.00131578947368
127	G	2	0.00263157894737
128	C	1	0.00131578947368
129	A	1	0.00131578947368
129	C	10	0.0131578947368
131	A	37	0.0486842105263
131	C	2	0.00263157894737
131	T	2	0.00263157894737
132	T	1	0.00131578947368
133	C	1	0.00131578947368
134	A	1	0.00131578947368
134	T	1	0.00131578947368
136	C	10	0.0131578947368
137	A	258	0.339473684211
137	C	4	0.00526315789474
138	C	2	0.00263157894737
138	G	1	0.00131578947368
140	A	1	0.00131578947368
141	A	1	0.00131578947368
141	C	4	0.00526315789474
144	A	1	0.00131578947368
147	G	5	0.00657894736842
148	C	2	0.00263157894737
148	G	11	0.0144736842105
149	A	1	0.00131578947368
149	G	260	0.342105263158
149	T	69	0.0907894736842
150	C	9	0.0118421052632
150	G	2	0.00263157894737
150	T	8	0.0105263157895
152	C	43	0.0565789473684
152	G	3	0.00394736842105
152	T	32	0.0421052631579
153	C	3	0.00394736842105
153	T	391	0.514473684211
154	G	300	0.394736842105
155	A	4	0.00526315789474
155	C	352	0.463157894737
155	T	43	0.0565789473684
156	A	1	0.00131578947368
157	G	65	0.0855263157895
158	C	5	0.00657894736842
158	G	30	0.0394736842105
158	T	12	0.0157894736842
159	A	1	0.00131578947368
160	C	1	0.00131578947368
160	G	61	0.0802631578947
161	A	274	0.360526315789
161	C	29	0.0381578947368
161	G	3	0.00394736842105
162	A	1	0.00131578947368
163	A	68	0.0894736842105
164	C	288	0.378947368421
165	C	1	0.00131578947368
165	G	345	0.453947368421
165	T	3	0.00394736842105
166	A	301	0.396052631579
166	C	5	0.00657894736842
166	T	1	0.00131578947368
167	C	9	0.0118421052632
167	G	2	0.00263157894737
168	A	65	0.0855263157895
168	C	42	0.0552631578947
168	T	15	0.0197368421053
169	C	36	0.0473684210526
169	G	3	0.00394736842105
169	T	94	0.123684210526
170	A	361	0.475
170	C	220	0.289473684211
170	T	8	0.0105263157895
171	C	236	0.310526315789
171	G	30	0.0394736842105
172	C	27	0.0355263157895
172	G	17	0.0223684210526
172	T	267	0.351315789474
173	C	19	0.025
173	G	96	0.126315789474
173	T	2	0.00263157894737
174	A	1	0.00131578947368
174	C	21	0.0276315789474
175	C	1	0.00131578947368
175	T	53	0.0697368421053
176	A	1	0.00131578947368
176	G	8	0.0105263157895
176	T	251	0.330263157895
177	A	4	0.00526315789474
177	C	1	0.00131578947368
177	G	6	0.00789473684211
178	C	8	0.0105263157895
178	T	6	0.00789473684211
179	C	6	0.00789473684211
180	A	4	0.00526315789474
180	C	26	0.0342105263158
180	T	21	0.0276315789474
181	C	52	0.0684210526316
181	G	4	0.00526315789474
182	A	4	0.00526315789474
184	C	1	0.00131578947368
184	G	2	0.00263157894737
184	T	1	0.00131578947368
185	A	1	0.00131578947368
185	G	265	0.348684210526
185	T	1	0.00131578947368
186	C	3	0.00394736842105
187	A	1	0.00131578947368
187	G	2	0.00263157894737
188	A	3	0.00394736842105
188	C	1	0.00131578947368
189	C	6	0.00789473684211
189	T	1	0.00131578947368
190	C	25	0.0328947368421
190	G	1	0.00131578947368
191	A	4	0.00526315789474
191	C	1	0.00131578947368
191	T	2	0.00263157894737
192	C	4	0.00526315789474
192	G	39	0.0513157894737
193	G	14	0.0184210526316
194	A	2	0.00263157894737
195	A	1	0.00131578947368
196	A	1	0.00131578947368
196	T	1	0.00131578947368
197	G	5	0.00657894736842
197	T	1	0.00131578947368
198	T	1	0.00131578947368
199	A	5	0.00657894736842
200	C	1	0.00131578947368
200	G	13	0.0171052631579
200	T	2	0.00263157894737
204	C	1	0.00131578947368
204	G	18	0.0236842105263
205	T	4	0.00526315789474
206	A	4	0.00526315789474
206	T	1	0.00131578947368
207	G	21	0.0276315789474
209	A	2	0.00263157894737
209	T	14	0.0184210526316
210	C	3	0.00394736842105
210	G	1	0.00131578947368
211	A	1	0.00131578947368
211	T	1	0.00131578947368
212	A	2	0.00263157894737
212	T	5	0.00657894736842
213	C	2	0.00263157894737
214	A	4	0.00526315789474
215	C	1	0.00131578947368
215	G	32	0.0421052631579
216	A	1	0.00131578947368
217	C	1	0.00131578947368
217	G	1	0.00131578947368
218	T	1	0.00131578947368
219	C	1	0.00131578947368
219	G	2	0.00263157894737
220	G	1	0.00131578947368
221	A	1	0.00131578947368
221	T	30	0.0394736842105
222	A	5	0.00657894736842
222	T	50	0.0657894736842
223	A	12	0.0157894736842
223	G	15	0.0197368421053
223	T	7	0.00921052631579
225	C	15	0.0197368421053
225	G	77	0.101315789474
226	C	1	0.00131578947368
226	G	14	0.0184210526316
226	T	22	0.0289473684211
227	A	14	0.0184210526316
227	C	181	0.238157894737
227	T	21	0.0276315789474
228	G	1	0.00131578947368
229	G	20	0.0263157894737
229	T	3	0.00394736842105
230	A	3	0.00394736842105
230	G	122	0.160526315789
230	T	107	0.140789473684
231	A	5	0.00657894736842
231	C	1	0.00131578947368
231	G	31	0.0407894736842
232	A	7	0.00921052631579
232	T	40	0.0526315789474
233	C	50	0.0657894736842
233	G	20	0.0263157894737
233	T	3	0.00394736842105
234	A	18	0.0236842105263
234	G	17	0.0223684210526
234	T	32	0.0421052631579
236	A	12	0.0157894736842
236	C	85	0.111842105263
236	T	14	0.0184210526316
237	A	2	0.00263157894737
237	C	1	0.00131578947368
238	C	3	0.00394736842105
238	T	504	0.663157894737
239	C	14	0.0184210526316
240	A	1	0.00131578947368
240	T	46	0.0605263157895
241	A	2	0.00263157894737
241	G	1	0.00131578947368
242	A	63	0.0828947368421
242	C	266	0.35
242	T	7	0.00921052631579
243	A	1	0.00131578947368
243	G	22	0.0289473684211
243	T	1	0.00131578947368
244	C	1	0.00131578947368
245	C	4	0.00526315789474
245	G	32	0.0421052631579
245	T	3	0.00394736842105
246	C	45	0.0592105263158
246	T	4	0.00526315789474
248	A	4	0.00526315789474
248	T	5	0.00657894736842
249	C	24	0.0315789473684
249	G	64	0.0842105263158
249	T	15	0.0197368421053
250	C	3	0.00394736842105
250	G	5	0.00657894736842
250	T	6	0.00789473684211
251	A	2	0.00263157894737
251	G	38	0.05
251	T	14	0.0184210526316
252	G	23	0.0302631578947
253	A	61	0.0802631578947
254	G	2	0.00263157894737
254	T	39	0.0513157894737
255	G	10	0.0131578947368
255	T	12	0.0157894736842
256	G	2	0.00263157894737
257	C	6	0.00789473684211
258	G	14	0.0184210526316
259	A	12	0.0157894736842
259	C	2	0.00263157894737
259	T	1	0.00131578947368
260	G	12	0.0157894736842
261	A	4	0.00526315789474
261	C	20	0.0263157894737
262	A	1	0.00131578947368
262	G	74	0.0973684210526
262	T	484	0.636842105263
263	A	5	0.00657894736842
263	G	1	0.00131578947368
263	T	16	0.0210526315789
264	A	3	0.00394736842105
265	C	3	0.00394736842105
265	G	20	0.0263157894737
266	A	16	0.0210526315789
266	C	26	0.0342105263158
266	T	47	0.0618421052632
267	A	1	0.00131578947368
268	G	2	0.00263157894737
269	A	2	0.00263157894737
271	A	1	0.00131578947368
272	A	1	0.00131578947368
272	T	3	0.00394736842105
274	G	11	0.0144736842105
274	T	1	0.00131578947368
275	A	8	0.0105263157895
275	G	2	0.00263157894737
276	A	26	0.0342105263158
276	C	8	0.0105263157895
276	T	2	0.00263157894737
277	C	2	0.00263157894737
278	A	80	0.105263157895
278	C	34	0.0447368421053
278	T	44	0.0578947368421
281	C	315	0.414473684211
282	A	1	0.00131578947368
282	C	4	0.00526315789474
283	G	3	0.00394736842105
283	T	61	0.0802631578947
284	T	39	0.0513157894737
285	A	1	0.00131578947368
287	A	1	0.00131578947368
287	C	6	0.00789473684211
287	G	2	0.00263157894737
290	C	2	0.00263157894737
