Position	Nucleotide	Multiplicity	Frequency
55	A	14	1.0
65	C	1	0.0714285714286
68	T	1	0.0714285714286
74	C	11	0.785714285714
82	T	3	0.214285714286
87	C	11	0.785714285714
91	A	3	0.214285714286
91	C	11	0.785714285714
94	T	3	0.214285714286
95	A	3	0.214285714286
104	T	14	1.0
125	A	3	0.214285714286
126	C	11	0.785714285714
146	A	11	0.785714285714
148	A	11	0.785714285714
160	C	11	0.785714285714
162	A	3	0.214285714286
164	T	3	0.214285714286
168	A	3	0.214285714286
170	C	3	0.214285714286
195	A	1	0.0714285714286
206	T	1	0.0714285714286
209	T	1	0.0714285714286
212	G	3	0.214285714286
214	T	11	0.785714285714
217	G	1	0.0714285714286
220	G	10	0.714285714286
222	A	1	0.0714285714286
228	G	11	0.785714285714
233	G	3	0.214285714286
240	T	3	0.214285714286
242	A	14	1.0
249	G	11	0.785714285714
250	A	3	0.214285714286
253	A	3	0.214285714286
259	G	3	0.214285714286
279	G	1	0.0714285714286
