Position	Nucleotide	Multiplicity	Frequency
68	G	2	0.105263157895
80	T	1	0.0526315789474
81	G	1	0.0526315789474
85	C	1	0.0526315789474
87	G	2	0.105263157895
89	A	3	0.157894736842
91	A	2	0.105263157895
92	G	2	0.105263157895
96	A	2	0.105263157895
98	C	2	0.105263157895
102	A	2	0.105263157895
116	G	1	0.0526315789474
128	C	2	0.105263157895
129	A	2	0.105263157895
130	A	2	0.105263157895
131	A	2	0.105263157895
136	A	1	0.0526315789474
143	T	1	0.0526315789474
150	G	1	0.0526315789474
155	C	1	0.0526315789474
155	G	2	0.105263157895
157	A	1	0.0526315789474
157	C	1	0.0526315789474
161	G	1	0.0526315789474
164	C	2	0.105263157895
165	G	1	0.0526315789474
167	A	1	0.0526315789474
167	C	3	0.157894736842
170	T	1	0.0526315789474
172	T	1	0.0526315789474
175	C	2	0.105263157895
176	G	1	0.0526315789474
176	T	1	0.0526315789474
178	T	1	0.0526315789474
208	C	2	0.105263157895
209	T	1	0.0526315789474
225	G	1	0.0526315789474
226	G	3	0.157894736842
227	A	3	0.157894736842
233	A	4	0.210526315789
234	T	1	0.0526315789474
242	A	1	0.0526315789474
254	C	1	0.0526315789474
261	A	1	0.0526315789474
262	A	1	0.0526315789474
262	G	2	0.105263157895
264	A	1	0.0526315789474
269	T	1	0.0526315789474
271	T	1	0.0526315789474
278	A	2	0.105263157895
278	T	1	0.0526315789474
281	C	1	0.0526315789474
283	T	2	0.105263157895
284	T	2	0.105263157895
290	G	2	0.105263157895
