Position	Nucleotide	Multiplicity	Frequency
71	C	7	0.132075471698
82	G	2	0.0377358490566
83	G	2	0.0377358490566
84	A	1	0.0188679245283
86	C	6	0.11320754717
88	G	7	0.132075471698
88	T	1	0.0188679245283
91	C	2	0.0377358490566
92	G	1	0.0188679245283
92	T	1	0.0188679245283
93	C	1	0.0188679245283
96	A	6	0.11320754717
102	T	6	0.11320754717
103	C	6	0.11320754717
104	T	2	0.0377358490566
112	A	1	0.0188679245283
115	C	1	0.0188679245283
128	C	1	0.0188679245283
128	G	8	0.150943396226
132	T	1	0.0188679245283
144	A	1	0.0188679245283
145	C	2	0.0377358490566
146	C	6	0.11320754717
147	A	1	0.0188679245283
150	G	7	0.132075471698
154	C	1	0.0188679245283
155	T	1	0.0188679245283
156	A	2	0.0377358490566
156	C	6	0.11320754717
160	T	2	0.0377358490566
161	T	1	0.0188679245283
166	A	2	0.0377358490566
167	A	2	0.0377358490566
167	G	1	0.0188679245283
168	T	1	0.0188679245283
169	T	1	0.0188679245283
170	A	1	0.0188679245283
170	T	1	0.0188679245283
173	G	6	0.11320754717
174	T	8	0.150943396226
175	G	1	0.0188679245283
176	T	7	0.132075471698
178	C	2	0.0377358490566
185	A	1	0.0188679245283
187	C	1	0.0188679245283
188	A	2	0.0377358490566
188	C	6	0.11320754717
188	T	1	0.0188679245283
189	T	8	0.150943396226
196	A	6	0.11320754717
198	C	1	0.0188679245283
204	T	2	0.0377358490566
207	T	2	0.0377358490566
210	G	2	0.0377358490566
212	T	2	0.0377358490566
215	C	2	0.0377358490566
215	G	1	0.0188679245283
215	T	1	0.0188679245283
217	C	1	0.0188679245283
219	C	1	0.0188679245283
220	A	1	0.0188679245283
221	G	1	0.0188679245283
228	G	1	0.0188679245283
229	A	2	0.0377358490566
229	C	6	0.11320754717
232	T	1	0.0188679245283
242	A	1	0.0188679245283
245	A	3	0.0566037735849
246	T	1	0.0188679245283
250	C	1	0.0188679245283
251	C	2	0.0377358490566
252	G	2	0.0377358490566
253	A	2	0.0377358490566
257	A	6	0.11320754717
258	C	1	0.0188679245283
263	G	1	0.0188679245283
266	G	2	0.0377358490566
271	G	1	0.0188679245283
276	A	1	0.0188679245283
276	C	1	0.0188679245283
276	T	6	0.11320754717
278	T	3	0.0566037735849
283	T	2	0.0377358490566
289	G	1	0.0188679245283
289	T	3	0.0566037735849
