Position	Nucleotide	Multiplicity	Frequency
53	C	1	0.016393442623
56	A	1	0.016393442623
65	T	2	0.0327868852459
66	A	3	0.0491803278689
72	C	2	0.0327868852459
73	C	3	0.0491803278689
74	A	1	0.016393442623
75	C	1	0.016393442623
79	A	1	0.016393442623
84	T	3	0.0491803278689
92	C	1	0.016393442623
93	G	1	0.016393442623
104	T	1	0.016393442623
131	A	3	0.0491803278689
131	T	3	0.0491803278689
145	C	1	0.016393442623
154	C	1	0.016393442623
154	G	1	0.016393442623
155	C	1	0.016393442623
158	C	3	0.0491803278689
159	G	1	0.016393442623
163	A	1	0.016393442623
166	A	1	0.016393442623
174	T	3	0.0491803278689
179	G	3	0.0491803278689
190	G	3	0.0491803278689
196	T	1	0.016393442623
199	T	3	0.0491803278689
206	T	2	0.0327868852459
211	C	1	0.016393442623
212	C	3	0.0491803278689
212	G	1	0.016393442623
233	G	3	0.0491803278689
241	C	3	0.0491803278689
242	C	3	0.0491803278689
242	G	3	0.0491803278689
245	T	3	0.0491803278689
247	A	1	0.016393442623
247	C	3	0.0491803278689
251	C	1	0.016393442623
257	T	1	0.016393442623
260	T	3	0.0491803278689
263	A	1	0.016393442623
272	C	2	0.0327868852459
272	T	1	0.016393442623
273	T	1	0.016393442623
275	T	1	0.016393442623
276	G	1	0.016393442623
279	C	1	0.016393442623
280	A	3	0.0491803278689
284	C	1	0.016393442623
