Position	Nucleotide	Multiplicity	Frequency
59	C	47	1.0
69	T	2	0.0425531914894
71	T	1	0.0212765957447
73	T	2	0.0425531914894
74	A	2	0.0425531914894
76	A	2	0.0425531914894
88	G	2	0.0425531914894
89	T	2	0.0425531914894
90	G	3	0.063829787234
91	A	11	0.234042553191
91	C	2	0.0425531914894
92	A	1	0.0212765957447
92	G	3	0.063829787234
93	A	2	0.0425531914894
93	C	2	0.0425531914894
95	T	2	0.0425531914894
96	A	2	0.0425531914894
96	C	1	0.0212765957447
97	C	2	0.0425531914894
97	T	2	0.0425531914894
98	C	2	0.0425531914894
99	T	4	0.0851063829787
101	A	5	0.106382978723
101	C	9	0.191489361702
102	A	2	0.0425531914894
103	G	2	0.0425531914894
116	A	2	0.0425531914894
118	G	2	0.0425531914894
126	G	2	0.0425531914894
128	G	4	0.0851063829787
147	G	2	0.0425531914894
147	T	3	0.063829787234
149	G	1	0.0212765957447
154	G	2	0.0425531914894
155	A	2	0.0425531914894
155	T	6	0.127659574468
156	A	1	0.0212765957447
156	T	1	0.0212765957447
158	A	3	0.063829787234
160	A	2	0.0425531914894
162	A	6	0.127659574468
163	A	2	0.0425531914894
164	C	2	0.0425531914894
166	A	4	0.0851063829787
167	A	2	0.0425531914894
167	G	2	0.0425531914894
168	T	8	0.170212765957
169	A	4	0.0851063829787
169	C	3	0.063829787234
169	T	2	0.0425531914894
170	A	5	0.106382978723
171	G	2	0.0425531914894
174	G	2	0.0425531914894
175	A	3	0.063829787234
175	C	6	0.127659574468
175	T	2	0.0425531914894
176	G	4	0.0851063829787
176	T	4	0.0851063829787
178	G	1	0.0212765957447
179	T	2	0.0425531914894
180	A	2	0.0425531914894
184	G	1	0.0212765957447
184	T	4	0.0851063829787
188	T	4	0.0851063829787
191	A	5	0.106382978723
191	G	18	0.382978723404
191	T	2	0.0425531914894
200	G	2	0.0425531914894
201	C	2	0.0425531914894
205	G	6	0.127659574468
206	G	2	0.0425531914894
209	T	2	0.0425531914894
212	A	2	0.0425531914894
213	C	4	0.0851063829787
213	G	2	0.0425531914894
214	A	2	0.0425531914894
214	C	2	0.0425531914894
219	G	3	0.063829787234
220	A	2	0.0425531914894
221	A	2	0.0425531914894
233	G	1	0.0212765957447
234	T	2	0.0425531914894
235	C	6	0.127659574468
236	G	4	0.0851063829787
236	T	2	0.0425531914894
237	C	2	0.0425531914894
238	C	2	0.0425531914894
239	T	2	0.0425531914894
245	A	2	0.0425531914894
247	C	1	0.0212765957447
249	G	4	0.0851063829787
250	C	3	0.063829787234
252	G	2	0.0425531914894
254	T	2	0.0425531914894
259	C	4	0.0851063829787
260	C	2	0.0425531914894
262	T	2	0.0425531914894
263	A	2	0.0425531914894
266	A	2	0.0425531914894
266	C	2	0.0425531914894
266	T	4	0.0851063829787
269	T	1	0.0212765957447
276	C	4	0.0851063829787
278	A	4	0.0851063829787
278	C	1	0.0212765957447
278	T	4	0.0851063829787
283	T	2	0.0425531914894
288	A	1	0.0212765957447
