Position	Nucleotide	Multiplicity	Frequency
59	C	24	1.0
61	T	1	0.0416666666667
65	T	1	0.0416666666667
74	C	1	0.0416666666667
77	T	1	0.0416666666667
83	G	2	0.0833333333333
86	T	1	0.0416666666667
88	G	2	0.0833333333333
89	C	1	0.0416666666667
91	C	3	0.125
92	T	3	0.125
96	A	1	0.0416666666667
97	G	2	0.0833333333333
101	A	3	0.125
101	C	1	0.0416666666667
102	A	1	0.0416666666667
103	G	1	0.0416666666667
104	C	1	0.0416666666667
113	A	1	0.0416666666667
118	T	1	0.0416666666667
122	T	1	0.0416666666667
129	G	2	0.0833333333333
133	C	1	0.0416666666667
150	G	1	0.0416666666667
156	A	2	0.0833333333333
168	G	1	0.0416666666667
173	C	1	0.0416666666667
192	T	1	0.0416666666667
203	T	1	0.0416666666667
204	T	1	0.0416666666667
211	A	1	0.0416666666667
212	T	1	0.0416666666667
213	C	1	0.0416666666667
218	G	1	0.0416666666667
219	T	1	0.0416666666667
226	T	2	0.0833333333333
229	C	2	0.0833333333333
237	C	1	0.0416666666667
245	A	1	0.0416666666667
257	A	1	0.0416666666667
278	A	2	0.0833333333333
