Position	Nucleotide	Multiplicity	Frequency
56	A	1	0.0714285714286
88	C	3	0.214285714286
94	A	2	0.142857142857
97	C	2	0.142857142857
98	T	1	0.0714285714286
121	C	1	0.0714285714286
137	T	1	0.0714285714286
173	A	2	0.142857142857
175	G	1	0.0714285714286
185	T	1	0.0714285714286
199	C	1	0.0714285714286
203	A	1	0.0714285714286
217	G	1	0.0714285714286
218	A	1	0.0714285714286
230	G	1	0.0714285714286
239	A	3	0.214285714286
249	G	1	0.0714285714286
259	C	1	0.0714285714286
275	C	1	0.0714285714286
286	T	1	0.0714285714286
