Position	Nucleotide	Multiplicity	Frequency
53	G	11	0.578947368421
76	C	2	0.105263157895
83	C	1	0.0526315789474
88	C	2	0.105263157895
89	C	2	0.105263157895
91	T	1	0.0526315789474
92	G	1	0.0526315789474
92	T	2	0.105263157895
93	T	1	0.0526315789474
94	A	3	0.157894736842
95	T	2	0.105263157895
103	A	8	0.421052631579
104	T	1	0.0526315789474
125	A	1	0.0526315789474
142	C	2	0.105263157895
150	T	2	0.105263157895
153	C	2	0.105263157895
155	G	6	0.315789473684
164	A	2	0.105263157895
167	A	1	0.0526315789474
170	C	2	0.105263157895
174	G	6	0.315789473684
176	T	6	0.315789473684
177	G	6	0.315789473684
192	T	1	0.0526315789474
198	C	1	0.0526315789474
200	G	8	0.421052631579
201	C	2	0.105263157895
211	T	2	0.105263157895
212	T	1	0.0526315789474
217	A	1	0.0526315789474
220	T	1	0.0526315789474
223	C	2	0.105263157895
233	G	1	0.0526315789474
233	T	2	0.105263157895
236	G	2	0.105263157895
238	G	2	0.105263157895
238	T	1	0.0526315789474
253	C	2	0.105263157895
255	G	1	0.0526315789474
263	C	1	0.0526315789474
274	T	2	0.105263157895
280	G	2	0.105263157895
289	T	6	0.315789473684
290	G	2	0.105263157895
293	G	2	0.105263157895
294	C	2	0.105263157895
294	G	1	0.0526315789474
295	A	2	0.105263157895
296	G	2	0.105263157895
