Position	Nucleotide	Multiplicity	Frequency
67	T	1	0.0181818181818
68	G	2	0.0363636363636
72	C	1	0.0181818181818
73	T	1	0.0181818181818
79	A	3	0.0545454545455
82	T	1	0.0181818181818
89	A	1	0.0181818181818
89	T	7	0.127272727273
90	G	1	0.0181818181818
91	A	1	0.0181818181818
92	A	1	0.0181818181818
93	G	1	0.0181818181818
94	C	1	0.0181818181818
95	C	2	0.0363636363636
96	G	1	0.0181818181818
97	A	1	0.0181818181818
97	C	2	0.0363636363636
98	C	1	0.0181818181818
99	G	3	0.0545454545455
100	C	1	0.0181818181818
101	T	1	0.0181818181818
108	A	1	0.0181818181818
109	T	2	0.0363636363636
116	A	1	0.0181818181818
116	T	1	0.0181818181818
123	G	1	0.0181818181818
123	T	1	0.0181818181818
125	T	1	0.0181818181818
128	C	2	0.0363636363636
132	C	1	0.0181818181818
137	A	3	0.0545454545455
137	C	2	0.0363636363636
138	T	1	0.0181818181818
140	C	1	0.0181818181818
143	A	1	0.0181818181818
149	C	1	0.0181818181818
152	A	1	0.0181818181818
153	G	1	0.0181818181818
154	A	1	0.0181818181818
154	C	2	0.0363636363636
155	A	2	0.0363636363636
156	G	1	0.0181818181818
158	T	1	0.0181818181818
159	A	4	0.0727272727273
160	C	1	0.0181818181818
160	G	2	0.0363636363636
162	A	2	0.0363636363636
162	C	3	0.0545454545455
165	C	2	0.0363636363636
165	G	2	0.0363636363636
166	A	1	0.0181818181818
169	A	2	0.0363636363636
170	A	3	0.0545454545455
170	C	2	0.0363636363636
172	A	2	0.0363636363636
172	C	1	0.0181818181818
173	A	2	0.0363636363636
177	A	2	0.0363636363636
177	C	1	0.0181818181818
177	G	2	0.0363636363636
178	T	1	0.0181818181818
179	T	1	0.0181818181818
183	G	1	0.0181818181818
185	A	1	0.0181818181818
185	G	1	0.0181818181818
186	T	1	0.0181818181818
189	C	1	0.0181818181818
200	G	1	0.0181818181818
204	A	1	0.0181818181818
206	T	1	0.0181818181818
207	T	3	0.0545454545455
208	T	2	0.0363636363636
209	G	1	0.0181818181818
209	T	1	0.0181818181818
210	C	1	0.0181818181818
212	C	2	0.0363636363636
212	G	1	0.0181818181818
212	T	1	0.0181818181818
214	T	2	0.0363636363636
215	A	1	0.0181818181818
215	G	2	0.0363636363636
215	T	1	0.0181818181818
217	A	6	0.109090909091
218	G	2	0.0363636363636
220	G	1	0.0181818181818
221	T	1	0.0181818181818
222	G	5	0.0909090909091
233	A	1	0.0181818181818
233	G	1	0.0181818181818
234	G	1	0.0181818181818
236	A	1	0.0181818181818
236	G	1	0.0181818181818
237	C	1	0.0181818181818
241	T	2	0.0363636363636
246	C	1	0.0181818181818
247	G	2	0.0363636363636
248	C	1	0.0181818181818
249	G	1	0.0181818181818
249	T	2	0.0363636363636
252	C	2	0.0363636363636
253	A	1	0.0181818181818
253	C	3	0.0545454545455
254	T	1	0.0181818181818
256	T	1	0.0181818181818
258	T	1	0.0181818181818
267	A	1	0.0181818181818
268	G	1	0.0181818181818
269	T	1	0.0181818181818
273	T	1	0.0181818181818
278	C	2	0.0363636363636
278	T	2	0.0363636363636
279	A	1	0.0181818181818
280	C	1	0.0181818181818
281	C	3	0.0545454545455
281	T	1	0.0181818181818
285	C	1	0.0181818181818
286	T	1	0.0181818181818
291	T	2	0.0363636363636
292	G	1	0.0181818181818
