Position	Nucleotide	Multiplicity	Frequency
71	A	1	0.0357142857143
90	A	2	0.0714285714286
91	A	4	0.142857142857
92	T	1	0.0357142857143
95	T	1	0.0357142857143
96	G	1	0.0357142857143
97	T	4	0.142857142857
99	G	4	0.142857142857
101	C	1	0.0357142857143
102	A	1	0.0357142857143
120	A	2	0.0714285714286
169	A	4	0.142857142857
174	C	4	0.142857142857
176	A	1	0.0357142857143
178	T	4	0.142857142857
191	C	1	0.0357142857143
193	G	1	0.0357142857143
196	A	4	0.142857142857
198	T	4	0.142857142857
199	C	4	0.142857142857
200	A	1	0.0357142857143
212	T	1	0.0357142857143
225	G	1	0.0357142857143
226	C	1	0.0357142857143
227	A	1	0.0357142857143
227	G	1	0.0357142857143
235	T	1	0.0357142857143
251	G	1	0.0357142857143
254	C	5	0.178571428571
256	C	2	0.0714285714286
259	A	4	0.142857142857
266	G	1	0.0357142857143
276	A	4	0.142857142857
278	T	4	0.142857142857
285	G	1	0.0357142857143
