Position	Nucleotide	Multiplicity	Frequency
45	G	1	0.047619047619
66	A	1	0.047619047619
67	A	2	0.0952380952381
70	T	3	0.142857142857
71	A	1	0.047619047619
78	C	1	0.047619047619
79	A	1	0.047619047619
82	A	3	0.142857142857
83	T	1	0.047619047619
84	C	2	0.0952380952381
85	C	2	0.0952380952381
86	A	1	0.047619047619
86	T	1	0.047619047619
87	G	1	0.047619047619
89	A	1	0.047619047619
89	C	3	0.142857142857
90	G	1	0.047619047619
91	A	2	0.0952380952381
91	C	2	0.0952380952381
93	C	2	0.0952380952381
94	C	1	0.047619047619
95	C	1	0.047619047619
96	A	3	0.142857142857
96	C	2	0.0952380952381
97	T	1	0.047619047619
99	C	1	0.047619047619
101	T	2	0.0952380952381
115	G	2	0.0952380952381
117	A	2	0.0952380952381
124	C	1	0.047619047619
130	C	1	0.047619047619
131	A	3	0.142857142857
134	G	1	0.047619047619
137	A	1	0.047619047619
143	C	2	0.0952380952381
144	A	2	0.0952380952381
146	T	2	0.0952380952381
147	A	2	0.0952380952381
147	C	3	0.142857142857
147	T	1	0.047619047619
149	C	3	0.142857142857
152	T	1	0.047619047619
155	G	2	0.0952380952381
156	C	1	0.047619047619
157	T	3	0.142857142857
159	A	1	0.047619047619
160	C	1	0.047619047619
163	A	1	0.047619047619
164	G	2	0.0952380952381
165	T	2	0.0952380952381
166	A	3	0.142857142857
167	C	5	0.238095238095
168	G	1	0.047619047619
169	C	2	0.0952380952381
169	G	1	0.047619047619
170	C	1	0.047619047619
171	C	2	0.0952380952381
171	G	1	0.047619047619
174	A	2	0.0952380952381
174	C	1	0.047619047619
175	T	3	0.142857142857
176	A	1	0.047619047619
179	T	1	0.047619047619
180	T	1	0.047619047619
188	T	1	0.047619047619
205	T	2	0.0952380952381
207	G	2	0.0952380952381
215	G	1	0.047619047619
221	C	2	0.0952380952381
221	G	2	0.0952380952381
222	G	1	0.047619047619
227	A	2	0.0952380952381
229	G	1	0.047619047619
230	T	1	0.047619047619
231	T	1	0.047619047619
232	T	1	0.047619047619
233	A	1	0.047619047619
233	C	2	0.0952380952381
234	G	1	0.047619047619
234	T	1	0.047619047619
237	A	1	0.047619047619
238	T	1	0.047619047619
240	G	1	0.047619047619
240	T	1	0.047619047619
246	C	1	0.047619047619
249	G	1	0.047619047619
250	G	2	0.0952380952381
261	C	5	0.238095238095
262	T	2	0.0952380952381
263	C	2	0.0952380952381
266	A	1	0.047619047619
275	C	1	0.047619047619
278	A	2	0.0952380952381
278	C	1	0.047619047619
278	T	2	0.0952380952381
289	G	1	0.047619047619
