Position	Nucleotide	Multiplicity	Frequency
10	A	13	0.270833333333
10	T	10	0.208333333333
11	G	6	0.125
12	C	4	0.0833333333333
12	G	1	0.0208333333333
12	T	13	0.270833333333
13	G	2	0.0416666666667
13	T	8	0.166666666667
14	A	1	0.0208333333333
14	C	10	0.208333333333
15	C	10	0.208333333333
15	G	5	0.104166666667
15	T	1	0.0208333333333
16	T	5	0.104166666667
17	A	3	0.0625
17	C	1	0.0208333333333
17	G	9	0.1875
18	A	1	0.0208333333333
18	C	4	0.0833333333333
18	G	9	0.1875
18	T	1	0.0208333333333
19	A	1	0.0208333333333
19	G	5	0.104166666667
20	T	2	0.0416666666667
24	G	10	0.208333333333
25	T	1	0.0208333333333
26	C	5	0.104166666667
35	C	9	0.1875
37	G	1	0.0208333333333
40	A	5	0.104166666667
