Position	Nucleotide	Multiplicity	Frequency
10	A	1	0.00934579439252
10	C	4	0.0373831775701
11	G	1	0.00934579439252
11	T	1	0.00934579439252
12	A	3	0.0280373831776
12	C	13	0.121495327103
12	G	3	0.0280373831776
13	A	4	0.0373831775701
13	C	7	0.0654205607477
13	T	4	0.0373831775701
14	A	3	0.0280373831776
15	A	1	0.00934579439252
15	G	12	0.11214953271
15	T	12	0.11214953271
21	A	1	0.00934579439252
21	T	2	0.018691588785
23	C	2	0.018691588785
23	G	1	0.00934579439252
24	G	6	0.0560747663551
24	T	1	0.00934579439252
27	A	5	0.0467289719626
27	T	1	0.00934579439252
28	G	12	0.11214953271
