Position	Nucleotide	Multiplicity	Frequency
10	A	2	0.0571428571429
10	C	2	0.0571428571429
11	A	2	0.0571428571429
11	G	6	0.171428571429
11	T	2	0.0571428571429
12	G	11	0.314285714286
12	T	1	0.0285714285714
13	C	2	0.0571428571429
13	G	3	0.0857142857143
13	T	4	0.114285714286
14	A	9	0.257142857143
14	C	15	0.428571428571
14	T	1	0.0285714285714
15	A	1	0.0285714285714
15	G	3	0.0857142857143
15	T	3	0.0857142857143
16	C	1	0.0285714285714
16	G	2	0.0571428571429
16	T	2	0.0571428571429
17	G	1	0.0285714285714
17	T	1	0.0285714285714
24	A	1	0.0285714285714
25	G	2	0.0571428571429
29	A	15	0.428571428571
29	T	1	0.0285714285714
30	C	1	0.0285714285714
