Position	Nucleotide	Multiplicity	Frequency
10	A	27	0.0457627118644
10	G	24	0.0406779661017
10	T	21	0.035593220339
11	A	25	0.0423728813559
11	C	45	0.0762711864407
11	G	18	0.0305084745763
12	C	55	0.0932203389831
12	G	32	0.0542372881356
12	T	69	0.116949152542
13	A	8	0.0135593220339
13	G	21	0.035593220339
13	T	59	0.1
19	T	6	0.0101694915254
20	G	1	0.00169491525424
21	C	8	0.0135593220339
21	G	7	0.0118644067797
21	T	3	0.00508474576271
22	C	1	0.00169491525424
22	G	6	0.0101694915254
22	T	1	0.00169491525424
25	A	3	0.00508474576271
25	C	1	0.00169491525424
25	G	6	0.0101694915254
26	C	3	0.00508474576271
26	G	43	0.0728813559322
26	T	2	0.00338983050847
