Position	Nucleotide	Multiplicity	Frequency
10	A	3	0.0169491525424
10	G	5	0.0282485875706
10	T	3	0.0169491525424
11	A	6	0.0338983050847
11	C	8	0.045197740113
11	G	7	0.0395480225989
12	C	9	0.0508474576271
12	G	6	0.0338983050847
12	T	4	0.0225988700565
13	A	8	0.045197740113
13	G	7	0.0395480225989
13	T	9	0.0508474576271
14	A	11	0.0621468926554
14	C	1	0.00564971751412
14	G	9	0.0508474576271
15	C	8	0.045197740113
15	G	7	0.0395480225989
15	T	3	0.0169491525424
16	A	3	0.0169491525424
16	G	5	0.0282485875706
16	T	3	0.0169491525424
17	A	4	0.0225988700565
17	C	2	0.0112994350282
17	T	4	0.0225988700565
18	A	4	0.0225988700565
18	C	4	0.0225988700565
18	T	5	0.0282485875706
19	A	2	0.0112994350282
20	G	1	0.00564971751412
20	T	4	0.0225988700565
21	A	1	0.00564971751412
21	C	1	0.00564971751412
22	A	1	0.00564971751412
22	C	1	0.00564971751412
23	A	1	0.00564971751412
24	G	2	0.0112994350282
25	A	1	0.00564971751412
25	T	2	0.0112994350282
36	G	2	0.0112994350282
37	G	1	0.00564971751412
37	T	2	0.0112994350282
41	G	1	0.00564971751412
