Position	Nucleotide	Multiplicity	Frequency
10	A	7	0.0129151291513
10	G	9	0.0166051660517
10	T	6	0.0110701107011
11	A	6	0.0110701107011
11	C	6	0.0110701107011
11	G	10	0.0184501845018
12	C	12	0.0221402214022
12	G	6	0.0110701107011
12	T	8	0.0147601476015
13	A	3	0.00553505535055
13	G	7	0.0129151291513
13	T	7	0.0129151291513
19	T	6	0.0110701107011
20	T	1	0.00184501845018
21	G	1	0.00184501845018
21	T	1	0.00184501845018
25	C	2	0.00369003690037
25	G	6	0.0110701107011
26	G	4	0.00738007380074
26	T	1	0.00184501845018
