Position	Nucleotide	Multiplicity	Frequency
10	A	7	0.0598290598291
10	G	7	0.0598290598291
10	T	10	0.0854700854701
11	A	12	0.102564102564
11	C	11	0.0940170940171
11	G	6	0.0512820512821
12	C	19	0.162393162393
12	G	7	0.0598290598291
12	T	14	0.119658119658
13	A	7	0.0598290598291
13	G	10	0.0854700854701
13	T	11	0.0940170940171
14	A	8	0.0683760683761
14	C	8	0.0683760683761
14	G	17	0.145299145299
15	C	10	0.0854700854701
15	G	15	0.128205128205
15	T	7	0.0598290598291
16	A	1	0.00854700854701
16	G	19	0.162393162393
16	T	5	0.042735042735
17	A	3	0.025641025641
17	C	2	0.017094017094
18	A	7	0.0598290598291
18	C	21	0.179487179487
18	G	1	0.00854700854701
19	A	10	0.0854700854701
19	C	11	0.0940170940171
19	G	7	0.0598290598291
19	T	1	0.00854700854701
20	C	15	0.128205128205
20	G	4	0.034188034188
20	T	18	0.153846153846
21	A	3	0.025641025641
21	G	1	0.00854700854701
22	A	1	0.00854700854701
22	C	2	0.017094017094
22	T	1	0.00854700854701
23	C	1	0.00854700854701
24	C	1	0.00854700854701
25	G	1	0.00854700854701
26	A	1	0.00854700854701
26	T	3	0.025641025641
27	A	3	0.025641025641
27	C	1	0.00854700854701
28	G	1	0.00854700854701
28	T	2	0.017094017094
34	T	1	0.00854700854701
35	C	2	0.017094017094
36	C	2	0.017094017094
36	G	4	0.034188034188
37	C	1	0.00854700854701
37	G	6	0.0512820512821
37	T	2	0.017094017094
40	A	1	0.00854700854701
41	G	1	0.00854700854701
