Position	Nucleotide	Multiplicity	Frequency
10	A	4	0.037037037037
10	G	5	0.0462962962963
10	T	10	0.0925925925926
11	A	2	0.0185185185185
11	C	1	0.00925925925926
11	T	2	0.0185185185185
12	C	15	0.138888888889
12	G	4	0.037037037037
12	T	1	0.00925925925926
13	A	2	0.0185185185185
13	G	2	0.0185185185185
13	T	5	0.0462962962963
14	A	4	0.037037037037
14	G	6	0.0555555555556
14	T	10	0.0925925925926
15	A	15	0.138888888889
15	G	2	0.0185185185185
15	T	3	0.0277777777778
16	G	1	0.00925925925926
16	T	4	0.037037037037
22	G	1	0.00925925925926
22	T	1	0.00925925925926
24	G	5	0.0462962962963
24	T	3	0.0277777777778
25	G	15	0.138888888889
28	C	2	0.0185185185185
28	G	1	0.00925925925926
28	T	1	0.00925925925926
29	G	3	0.0277777777778
29	T	5	0.0462962962963
